0	11605.505
1.00E-12	11590.12305
1.01E-12	11589.94458
1.02E-12	11589.76403
1.04E-12	11589.58139
1.05E-12	11589.39663
1.06E-12	11589.20973
1.07E-12	11589.02066
1.08E-12	11588.8294
1.10E-12	11588.63591
1.11E-12	11588.44018
1.12E-12	11588.24218
1.14E-12	11588.04189
1.15E-12	11587.83927
1.16E-12	11587.63429
1.18E-12	11587.42694
1.19E-12	11587.21719
1.20E-12	11587.005
1.22E-12	11586.79035
1.23E-12	11586.57321
1.25E-12	11586.35354
1.26E-12	11586.13133
1.27E-12	11585.90654
1.29E-12	11585.67915
1.30E-12	11585.44911
1.32E-12	11585.21641
1.33E-12	11584.981
1.35E-12	11584.74287
1.37E-12	11584.50197
1.38E-12	11584.25828
1.40E-12	11584.01175
1.41E-12	11583.76237
1.43E-12	11583.5101
1.45E-12	11583.25489
1.46E-12	11582.99673
1.48E-12	11582.73557
1.50E-12	11582.47138
1.51E-12	11582.20413
1.53E-12	11581.93377
1.55E-12	11581.66028
1.57E-12	11581.38362
1.59E-12	11581.10374
1.60E-12	11580.82062
1.62E-12	11580.53421
1.64E-12	11580.24448
1.66E-12	11579.95139
1.68E-12	11579.65489
1.70E-12	11579.35496
1.72E-12	11579.05155
1.74E-12	11578.74461
1.76E-12	11578.43412
1.78E-12	11578.12002
1.80E-12	11577.80228
1.82E-12	11577.48085
1.84E-12	11577.15569
1.86E-12	11576.82676
1.89E-12	11576.49401
1.91E-12	11576.1574
1.93E-12	11575.81689
1.95E-12	11575.47242
1.98E-12	11575.12396
2.00E-12	11574.77146
2.02E-12	11574.41486
2.04E-12	11574.05413
2.07E-12	11573.68921
2.09E-12	11573.32006
2.12E-12	11572.94662
2.14E-12	11572.56886
2.17E-12	11572.1867
2.19E-12	11571.80012
2.22E-12	11571.40905
2.24E-12	11571.01344
2.27E-12	11570.61324
2.29E-12	11570.2084
2.32E-12	11569.79886
2.35E-12	11569.38457
2.38E-12	11568.96547
2.40E-12	11568.54151
2.43E-12	11568.11263
2.46E-12	11567.67878
2.49E-12	11567.23989
2.52E-12	11566.7959
2.55E-12	11566.34677
2.58E-12	11565.89243
2.61E-12	11565.43281
2.64E-12	11564.96786
2.67E-12	11564.49752
2.70E-12	11564.02171
2.73E-12	11563.54039
2.76E-12	11563.05349
2.79E-12	11562.56093
2.82E-12	11562.06266
2.86E-12	11561.55861
2.89E-12	11561.0487
2.92E-12	11560.53289
2.96E-12	11560.01109
2.99E-12	11559.48323
3.03E-12	11558.94925
3.06E-12	11558.40907
3.10E-12	11557.86263
3.13E-12	11557.30984
3.17E-12	11556.75064
3.21E-12	11556.18496
3.24E-12	11555.61271
3.28E-12	11555.03382
3.32E-12	11554.44821
3.36E-12	11553.85581
3.40E-12	11553.25653
3.44E-12	11552.6503
3.48E-12	11552.03704
3.52E-12	11551.41667
3.56E-12	11550.78909
3.60E-12	11550.15423
3.64E-12	11549.51201
3.68E-12	11548.86233
3.73E-12	11548.20512
3.77E-12	11547.54028
3.81E-12	11546.86773
3.86E-12	11546.18737
3.90E-12	11545.49912
3.95E-12	11544.80289
3.99E-12	11544.09857
4.04E-12	11543.38609
4.09E-12	11542.66533
4.13E-12	11541.93622
4.18E-12	11541.19864
4.23E-12	11540.45251
4.28E-12	11539.69772
4.33E-12	11538.93417
4.38E-12	11538.16176
4.43E-12	11537.38039
4.48E-12	11536.58996
4.53E-12	11535.79035
4.58E-12	11534.98147
4.64E-12	11534.1632
4.69E-12	11533.33543
4.75E-12	11532.49806
4.80E-12	11531.65098
4.86E-12	11530.79406
4.91E-12	11529.92721
4.97E-12	11529.0503
5.03E-12	11528.16321
5.09E-12	11527.26583
5.15E-12	11526.35803
5.21E-12	11525.43971
5.27E-12	11524.51073
5.33E-12	11523.57097
5.39E-12	11522.6203
5.45E-12	11521.65861
5.51E-12	11520.68576
5.58E-12	11519.70162
5.64E-12	11518.70606
5.71E-12	11517.69895
5.77E-12	11516.68015
5.84E-12	11515.64954
5.91E-12	11514.60696
5.98E-12	11513.55229
6.05E-12	11512.48538
6.12E-12	11511.40609
6.19E-12	11510.31428
6.26E-12	11509.20981
6.33E-12	11508.09251
6.41E-12	11506.96226
6.48E-12	11505.81888
6.56E-12	11504.66225
6.63E-12	11503.49219
6.71E-12	11502.30856
6.79E-12	11501.11119
6.87E-12	11499.89993
6.95E-12	11498.67461
7.03E-12	11497.43508
7.11E-12	11496.18117
7.19E-12	11494.91271
7.27E-12	11493.62953
7.36E-12	11492.33146
7.44E-12	11491.01833
7.53E-12	11489.68997
7.62E-12	11488.34619
7.71E-12	11486.98682
7.79E-12	11485.61168
7.88E-12	11484.22058
7.98E-12	11482.81334
8.07E-12	11481.38978
8.16E-12	11479.94969
8.26E-12	11478.4929
8.35E-12	11477.01921
8.45E-12	11475.52841
8.55E-12	11474.02032
8.65E-12	11472.49473
8.75E-12	11470.95144
8.85E-12	11469.39024
8.95E-12	11467.81093
9.06E-12	11466.21329
9.16E-12	11464.59712
9.27E-12	11462.9622
9.37E-12	11461.3083
9.48E-12	11459.63522
9.59E-12	11457.94272
9.70E-12	11456.23059
9.82E-12	11454.49859
9.93E-12	11452.74649
1.00E-11	11450.97406
1.02E-11	11449.18107
1.03E-11	11447.36728
1.04E-11	11445.53244
1.05E-11	11443.67631
1.06E-11	11441.79865
1.08E-11	11439.8992
1.09E-11	11437.97771
1.10E-11	11436.03392
1.11E-11	11434.06758
1.13E-11	11432.07843
1.14E-11	11430.0662
1.15E-11	11428.03062
1.17E-11	11425.97142
1.18E-11	11423.88833
1.19E-11	11421.78107
1.21E-11	11419.64936
1.22E-11	11417.49291
1.24E-11	11415.31145
1.25E-11	11413.10467
1.27E-11	11410.87229
1.28E-11	11408.614
1.29E-11	11406.32952
1.31E-11	11404.01853
1.33E-11	11401.68072
1.34E-11	11399.31579
1.36E-11	11396.92342
1.37E-11	11394.50329
1.39E-11	11392.05508
1.40E-11	11389.57846
1.42E-11	11387.07311
1.44E-11	11384.53869
1.45E-11	11381.97487
1.47E-11	11379.38129
1.49E-11	11376.75763
1.50E-11	11374.10352
1.52E-11	11371.41861
1.54E-11	11368.70256
1.56E-11	11365.95499
1.58E-11	11363.17554
1.59E-11	11360.36384
1.61E-11	11357.51952
1.63E-11	11354.64219
1.65E-11	11351.73148
1.67E-11	11348.787
1.69E-11	11345.80836
1.71E-11	11342.79515
1.73E-11	11339.74698
1.75E-11	11336.66345
1.77E-11	11333.54413
1.79E-11	11330.38863
1.81E-11	11327.19651
1.83E-11	11323.96735
1.85E-11	11320.70073
1.87E-11	11317.3962
1.89E-11	11314.05334
1.92E-11	11310.67168
1.94E-11	11307.25079
1.96E-11	11303.79021
1.98E-11	11300.28948
2.01E-11	11296.74812
2.03E-11	11293.16568
2.05E-11	11289.54167
2.08E-11	11285.87562
2.10E-11	11282.16702
2.13E-11	11278.4154
2.15E-11	11274.62025
2.18E-11	11270.78106
2.20E-11	11266.89732
2.23E-11	11262.96853
2.25E-11	11258.99415
2.28E-11	11254.97366
2.31E-11	11250.90651
2.33E-11	11246.79218
2.36E-11	11242.63011
2.39E-11	11238.41975
2.41E-11	11234.16053
2.44E-11	11229.8519
2.47E-11	11225.49327
2.50E-11	11221.08408
2.53E-11	11216.62372
2.56E-11	11212.11161
2.59E-11	11207.54715
2.62E-11	11202.92972
2.65E-11	11198.25873
2.68E-11	11193.53353
2.71E-11	11188.75351
2.74E-11	11183.91803
2.77E-11	11179.02644
2.80E-11	11174.0781
2.84E-11	11169.07234
2.87E-11	11164.00851
2.90E-11	11158.88591
2.94E-11	11153.70388
2.97E-11	11148.46173
3.01E-11	11143.15875
3.04E-11	11137.79424
3.08E-11	11132.36749
3.11E-11	11126.87777
3.15E-11	11121.32436
3.18E-11	11115.70651
3.22E-11	11110.02348
3.26E-11	11104.27451
3.30E-11	11098.45884
3.33E-11	11092.57569
3.37E-11	11086.62427
3.41E-11	11080.60381
3.45E-11	11074.51349
3.49E-11	11068.3525
3.53E-11	11062.12003
3.57E-11	11055.81525
3.62E-11	11049.43731
3.66E-11	11042.98537
3.70E-11	11036.45857
3.74E-11	11029.85605
3.79E-11	11023.17691
3.83E-11	11016.42028
3.87E-11	11009.58525
3.92E-11	11002.67091
3.96E-11	10995.67636
4.01E-11	10988.60064
4.06E-11	10981.44283
4.10E-11	10974.20196
4.15E-11	10966.87708
4.20E-11	10959.46721
4.25E-11	10951.97137
4.30E-11	10944.38855
4.35E-11	10936.71776
4.40E-11	10928.95796
4.45E-11	10921.10812
4.50E-11	10913.16721
4.55E-11	10905.13415
4.61E-11	10897.00789
4.66E-11	10888.78735
4.71E-11	10880.47142
4.77E-11	10872.05901
4.82E-11	10863.54898
4.88E-11	10854.94022
4.94E-11	10846.23157
4.99E-11	10837.42188
5.05E-11	10828.50997
5.11E-11	10819.49466
5.17E-11	10810.37474
5.23E-11	10801.14901
5.29E-11	10791.81623
5.35E-11	10782.37517
5.41E-11	10772.82456
5.48E-11	10763.16314
5.54E-11	10753.38963
5.60E-11	10743.50271
5.67E-11	10733.50107
5.73E-11	10723.38339
5.80E-11	10713.14832
5.87E-11	10702.79448
5.94E-11	10692.32052
6.01E-11	10681.72503
6.08E-11	10671.0066
6.15E-11	10660.16381
6.22E-11	10649.19521
6.29E-11	10638.09935
6.36E-11	10626.87474
6.44E-11	10615.51989
6.51E-11	10604.0333
6.59E-11	10592.41343
6.66E-11	10580.65874
6.74E-11	10568.76766
6.82E-11	10556.73861
6.90E-11	10544.56999
6.98E-11	10532.26018
7.06E-11	10519.80754
7.14E-11	10507.21042
7.22E-11	10494.46713
7.31E-11	10481.57599
7.39E-11	10468.53527
7.48E-11	10455.34325
7.56E-11	10441.99816
7.65E-11	10428.49823
7.74E-11	10414.84166
7.83E-11	10401.02664
7.92E-11	10387.05132
8.01E-11	10372.91386
8.11E-11	10358.61236
8.20E-11	10344.14492
8.30E-11	10329.50962
8.39E-11	10314.70451
8.49E-11	10299.72761
8.59E-11	10284.57695
8.69E-11	10269.25049
8.79E-11	10253.74621
8.89E-11	10238.06203
8.99E-11	10222.19587
9.10E-11	10206.14562
9.20E-11	10189.90914
9.31E-11	10173.48428
9.42E-11	10156.86883
9.53E-11	10140.06061
9.64E-11	10123.05736
9.75E-11	10105.85683
9.86E-11	10088.45672
9.98E-11	10070.85472
1.01E-10	10053.04849
1.02E-10	10035.03566
1.03E-10	10016.81382
1.04E-10	9998.380568
1.06E-10	9979.733435
1.07E-10	9960.869942
1.08E-10	9941.787581
1.09E-10	9922.483811
1.11E-10	9902.956064
1.12E-10	9883.20174
1.13E-10	9863.21821
1.15E-10	9843.002816
1.16E-10	9822.552867
1.17E-10	9801.865641
1.19E-10	9780.938386
1.20E-10	9759.768316
1.21E-10	9738.352614
1.23E-10	9716.68843
1.24E-10	9694.772881
1.26E-10	9672.60305
1.27E-10	9650.175988
1.29E-10	9627.488709
1.30E-10	9604.538194
1.32E-10	9581.321389
1.33E-10	9557.835204
1.35E-10	9534.076514
1.36E-10	9510.042156
1.38E-10	9485.728933
1.39E-10	9461.133609
1.41E-10	9436.25291
1.43E-10	9411.083526
1.44E-10	9385.622106
1.46E-10	9359.865263
1.48E-10	9333.809568
1.49E-10	9307.451555
1.51E-10	9280.787715
1.53E-10	9253.8145
1.55E-10	9226.52832
1.56E-10	9198.925545
1.58E-10	9171.0025
1.60E-10	9142.755469
1.62E-10	9114.180695
1.64E-10	9085.274373
1.66E-10	9056.032657
1.68E-10	9026.451655
1.70E-10	8996.527431
1.72E-10	8966.256003
1.74E-10	8935.633341
1.76E-10	8904.655371
1.78E-10	8873.31797
1.80E-10	8841.616968
1.82E-10	8809.548145
1.84E-10	8777.107235
1.86E-10	8744.289919
1.88E-10	8711.091831
1.90E-10	8677.508552
1.93E-10	8643.535613
1.95E-10	8609.168493
1.97E-10	8574.402619
1.99E-10	8539.233364
2.02E-10	8503.656046
2.04E-10	8467.665933
2.06E-10	8431.258234
2.09E-10	8394.428103
2.11E-10	8357.17064
2.14E-10	8319.480887
2.16E-10	8281.353827
2.19E-10	8242.784387
2.21E-10	8203.767434
2.24E-10	8164.297774
2.26E-10	8124.370157
2.29E-10	8083.979268
2.32E-10	8043.119731
2.34E-10	8001.78611
2.37E-10	7959.972903
2.40E-10	7917.674546
2.43E-10	7874.88541
2.45E-10	7831.599801
2.48E-10	7787.811957
2.51E-10	7743.516053
2.54E-10	7698.706192
2.57E-10	7653.376411
2.60E-10	7607.520679
2.63E-10	7561.132891
2.66E-10	7514.206876
2.69E-10	7466.736388
2.72E-10	7418.71511
2.75E-10	7370.13665
2.79E-10	7320.994545
2.82E-10	7271.282254
2.85E-10	7220.993162
2.88E-10	7170.120576
2.92E-10	7156.092164
2.95E-10	7151.716453
2.99E-10	7147.289971
3.02E-10	7142.812129
3.05E-10	7138.282332
3.09E-10	7133.699977
3.13E-10	7129.064453
3.16E-10	7124.375145
3.20E-10	7119.631427
3.24E-10	7114.832669
3.27E-10	7109.978232
3.31E-10	7105.06747
3.35E-10	7100.09973
3.39E-10	7095.07435
3.43E-10	7089.990661
3.47E-10	7084.847987
3.51E-10	7079.645644
3.55E-10	7074.38294
3.59E-10	7069.059173
3.63E-10	7063.673636
3.67E-10	7058.225611
3.72E-10	7052.714374
3.76E-10	7047.139191
3.80E-10	7041.499321
3.85E-10	7035.794012
3.89E-10	7030.022506
3.94E-10	7024.184034
3.98E-10	7018.27782
4.03E-10	7012.303077
4.08E-10	7006.25901
4.12E-10	7000.144816
4.17E-10	6993.959679
4.22E-10	6987.702778
4.27E-10	6981.373279
4.32E-10	6974.97034
4.37E-10	6968.49311
4.42E-10	6962.855924
4.47E-10	6957.305913
4.52E-10	6951.691506
4.57E-10	6946.011957
4.63E-10	6940.266509
4.68E-10	6934.454398
4.74E-10	6928.57485
4.79E-10	6922.627083
4.85E-10	6916.610305
4.90E-10	6910.523715
4.96E-10	6904.366505
5.02E-10	6898.137853
5.07E-10	6891.836932
5.13E-10	6885.462902
5.19E-10	6879.014916
5.25E-10	6872.492115
5.31E-10	6865.893631
5.38E-10	6859.218587
5.44E-10	6852.466093
5.50E-10	6845.635252
5.57E-10	6838.725154
5.63E-10	6831.734879
5.70E-10	6824.663498
5.76E-10	6817.510069
5.83E-10	6810.27364
5.90E-10	6802.953248
5.96E-10	6796.139919
6.03E-10	6789.26313
6.10E-10	6782.30655
6.17E-10	6775.269255
6.25E-10	6768.150308
6.32E-10	6760.94876
6.39E-10	6753.663655
6.47E-10	6746.294022
6.54E-10	6738.838881
6.62E-10	6731.297239
6.69E-10	6723.668093
6.77E-10	6715.950428
6.85E-10	6708.143216
6.93E-10	6700.245419
7.01E-10	6692.255986
7.09E-10	6684.173852
7.17E-10	6675.997944
7.26E-10	6667.727171
7.34E-10	6659.360435
7.43E-10	6650.896622
7.51E-10	6642.48901
7.60E-10	6634.082716
7.69E-10	6625.578885
7.78E-10	6616.976386
7.87E-10	6608.274074
7.96E-10	6599.470791
8.05E-10	6590.565366
8.14E-10	6581.556612
8.24E-10	6572.443332
8.33E-10	6563.224312
8.43E-10	6553.898326
8.53E-10	6544.464133
8.63E-10	6534.920476
8.73E-10	6525.266087
8.83E-10	6515.499679
8.93E-10	6505.619954
9.03E-10	6495.625596
9.14E-10	6485.506284
9.25E-10	6475.266644
9.35E-10	6464.908195
9.46E-10	6454.429559
9.57E-10	6443.829342
9.68E-10	6433.106132
9.79E-10	6422.258503
9.91E-10	6411.285012
1.00E-09	6400.184197
1.01E-09	6388.954582
1.03E-09	6377.594672
1.04E-09	6366.102956
1.05E-09	6354.477903
1.06E-09	6342.717967
1.07E-09	6330.770358
1.09E-09	6318.584163
1.10E-09	6306.256573
1.11E-09	6293.785949
1.12E-09	6281.170631
1.14E-09	6268.40894
1.15E-09	6255.499178
1.16E-09	6242.439627
1.18E-09	6229.228548
1.19E-09	6215.864184
1.21E-09	6202.344755
1.22E-09	6188.668464
1.23E-09	6174.83349
1.25E-09	6160.77931
1.26E-09	6146.539661
1.28E-09	6132.134793
1.29E-09	6117.562787
1.31E-09	6102.821706
1.32E-09	6087.909587
1.34E-09	6072.824446
1.35E-09	6057.564275
1.37E-09	6042.127044
1.38E-09	6026.510697
1.40E-09	6010.713158
1.42E-09	5994.874229
1.43E-09	5978.995596
1.45E-09	5962.932727
1.47E-09	5946.683484
1.48E-09	5930.245704
1.50E-09	5913.6172
1.52E-09	5896.795759
1.54E-09	5879.779142
1.55E-09	5862.565085
1.57E-09	5845.151297
1.59E-09	5827.889917
1.61E-09	5811.02691
1.63E-09	5793.968244
1.65E-09	5776.71165
1.67E-09	5759.254831
1.68E-09	5741.595465
1.70E-09	5723.731201
1.72E-09	5705.659661
1.74E-09	5687.378441
1.76E-09	5669.136728
1.78E-09	5652.198716
1.81E-09	5635.064175
1.83E-09	5617.730826
1.85E-09	5600.196362
1.87E-09	5582.458449
1.89E-09	5564.514726
1.91E-09	5546.362807
1.93E-09	5528.000274
1.96E-09	5511.020972
1.98E-09	5494.718551
2.00E-09	5478.226977
2.03E-09	5461.544054
2.05E-09	5444.667562
2.07E-09	5427.595256
2.10E-09	5410.324864
2.12E-09	5392.854086
2.15E-09	5377.354671
2.17E-09	5362.363973
2.20E-09	5347.199341
2.22E-09	5331.858758
2.25E-09	5316.34018
2.27E-09	5300.641543
2.30E-09	5284.760759
2.33E-09	5269.800951
2.35E-09	5256.469688
2.38E-09	5242.983744
2.41E-09	5229.341327
2.44E-09	5215.540618
2.46E-09	5201.579784
2.49E-09	5187.456964
2.52E-09	5174.327221
2.55E-09	5162.58425
2.58E-09	5150.705026
2.61E-09	5138.687971
2.64E-09	5126.531484
2.67E-09	5114.233948
2.70E-09	5101.793727
2.73E-09	5091.195888
2.77E-09	5080.843341
2.80E-09	5070.370676
2.83E-09	5059.776498
2.86E-09	5049.059399
2.90E-09	5038.217951
2.93E-09	5028.384846
2.96E-09	5019.286691
3.00E-09	5010.082973
3.03E-09	5000.772465
3.07E-09	4991.353929
3.10E-09	4981.826113
3.14E-09	4973.132077
3.18E-09	4965.030655
3.21E-09	4956.835234
3.25E-09	4948.544724
3.29E-09	4940.15802
3.33E-09	4931.674007
3.37E-09	4924.201688
3.40E-09	4916.875822
3.44E-09	4909.464956
3.48E-09	4901.968102
3.52E-09	4894.384265
3.57E-09	4887.03798
3.61E-09	4880.38528
3.65E-09	4873.65539
3.69E-09	4866.847414
3.73E-09	4859.960447
3.78E-09	4852.993572
3.82E-09	4846.828686
3.87E-09	4840.625759
3.91E-09	4834.35086
3.96E-09	4828.003155
4.00E-09	4821.581799
4.05E-09	4815.712151
4.09E-09	4809.918997
4.14E-09	4804.058626
4.19E-09	4798.130259
4.24E-09	4792.133107
4.29E-09	4786.613276
4.34E-09	4781.141611
4.39E-09	4775.606459
4.44E-09	4770.007084
4.49E-09	4764.344631
4.54E-09	4759.187995
4.60E-09	4753.971528
4.65E-09	4748.694536
4.70E-09	4743.356315
4.76E-09	4738.118345
4.81E-09	4733.164666
4.87E-09	4728.153511
4.92E-09	4723.084212
4.98E-09	4717.956095
5.04E-09	4713.120857
5.10E-09	4708.332761
5.16E-09	4703.489111
5.22E-09	4698.58926
5.28E-09	4693.779415
5.34E-09	4689.181607
5.40E-09	4684.530451
5.46E-09	4679.825329
5.53E-09	4675.087218
5.59E-09	4670.654191
5.66E-09	4666.169729
5.72E-09	4661.633234
5.79E-09	4657.044103
5.86E-09	4652.710701
5.92E-09	4648.372491
5.99E-09	4643.983946
6.06E-09	4639.544482
6.13E-09	4635.317109
6.20E-09	4631.108652
6.27E-09	4626.851365
6.35E-09	4622.544682
6.42E-09	4618.444333
6.50E-09	4614.352058
6.57E-09	4610.212302
6.65E-09	4606.024513
6.72E-09	4602.067276
6.80E-09	4598.079821
6.88E-09	4594.046101
6.96E-09	4590.011598
7.04E-09	4586.163902
7.12E-09	4582.271562
7.21E-09	4578.33406
7.29E-09	4574.476282
7.37E-09	4570.713503
7.46E-09	4566.907066
7.55E-09	4563.056464
7.63E-09	4559.385224
7.72E-09	4555.698549
7.81E-09	4551.969099
7.90E-09	4548.29643
7.99E-09	4544.721926
8.09E-09	4541.105948
8.18E-09	4537.448015
8.28E-09	4533.973022
8.37E-09	4530.464476
8.47E-09	4526.91522
8.57E-09	4523.458293
8.67E-09	4520.050187
8.77E-09	4516.602537
8.87E-09	4513.179871
8.97E-09	4509.865892
9.08E-09	4506.513462
9.18E-09	4503.138634
9.29E-09	4499.913054
9.40E-09	4496.650049
9.51E-09	4493.349184
9.62E-09	4490.192039
9.73E-09	4487.013178
9.84E-09	4483.797434
9.95E-09	4480.700805
1.01E-08	4477.599425
1.02E-08	4474.462061
1.03E-08	4471.444995
1.04E-08	4468.416772
1.05E-08	4465.353413
1.07E-08	4462.410587
1.08E-08	4459.450422
1.09E-08	4456.47165
1.10E-08	4453.609114
1.12E-08	4450.713364
1.13E-08	4447.82417
1.14E-08	4445.024721
1.16E-08	4442.192791
1.17E-08	4439.39938
1.18E-08	4436.659821
1.20E-08	4433.888476
1.21E-08	4431.193762
1.23E-08	4428.511097
1.24E-08	4425.801935
1.25E-08	4423.203517
1.27E-08	4420.57495
1.28E-08	4417.972187
1.30E-08	4415.424662
1.31E-08	4412.847578
1.33E-08	4410.349825
1.34E-08	4407.847931
1.36E-08	4405.367134
1.37E-08	4402.936909
1.39E-08	4400.478486
1.41E-08	4398.106544
1.42E-08	4395.72001
1.44E-08	4393.362037
1.46E-08	4391.044074
1.47E-08	4388.705836
1.49E-08	4386.448105
1.51E-08	4384.164177
1.53E-08	4381.952544
1.54E-08	4379.724493
1.56E-08	4377.546733
1.58E-08	4375.377218
1.60E-08	4373.227799
1.62E-08	4371.116532
1.63E-08	4368.999507
1.65E-08	4366.942047
1.67E-08	4364.866842
1.69E-08	4362.853645
1.71E-08	4360.834588
1.73E-08	4358.853807
1.75E-08	4356.893925
1.77E-08	4354.94426
1.79E-08	4353.047351
1.81E-08	4351.128433
1.83E-08	4349.277014
1.86E-08	4347.404751
1.88E-08	4345.594029
1.90E-08	4343.766361
1.92E-08	4341.992972
1.94E-08	4340.218391
1.97E-08	4338.482863
1.99E-08	4336.754531
2.01E-08	4335.055881
2.04E-08	4333.371226
2.06E-08	4331.709623
2.08E-08	4330.069951
2.11E-08	4328.443646
2.13E-08	4326.848759
2.16E-08	4325.256049
2.18E-08	4323.705536
2.21E-08	4322.150941
2.23E-08	4320.638004
2.26E-08	4319.128312
2.28E-08	4317.643721
2.31E-08	4316.177933
2.34E-08	4314.720122
2.36E-08	4313.297036
2.39E-08	4311.874203
2.42E-08	4310.475061
2.45E-08	4309.103441
2.48E-08	4307.736217
2.50E-08	4306.388151
2.53E-08	4305.059973
2.56E-08	4303.736635
2.59E-08	4302.4405
2.62E-08	4301.154378
2.65E-08	4299.874254
2.68E-08	4298.623156
2.72E-08	4297.377385
2.75E-08	4296.139157
2.78E-08	4294.925267
2.81E-08	4293.716949
2.84E-08	4292.515167
2.88E-08	4291.333665
2.91E-08	4290.157404
2.94E-08	4288.990702
2.98E-08	4287.834312
3.01E-08	4286.682385
3.05E-08	4285.545195
3.08E-08	4284.411997
3.12E-08	4283.283262
3.15E-08	4282.160561
3.19E-08	4281.042653
3.23E-08	4279.928826
3.27E-08	4278.819539
3.30E-08	4277.712272
3.34E-08	4276.60619
3.38E-08	4275.500416
3.42E-08	4274.394132
3.46E-08	4273.286295
3.50E-08	4272.175847
3.54E-08	4271.06121
3.58E-08	4269.942141
3.62E-08	4268.817426
3.67E-08	4267.685675
3.71E-08	4266.545549
3.75E-08	4265.395793
3.79E-08	4264.235002
3.84E-08	4263.061831
3.88E-08	4261.874845
3.93E-08	4260.67257
3.97E-08	4259.453524
4.02E-08	4258.21618
4.07E-08	4256.958944
4.11E-08	4255.680285
4.16E-08	4254.377724
4.21E-08	4253.049771
4.26E-08	4251.695208
4.31E-08	4250.31181
4.36E-08	4248.896431
4.41E-08	4247.448449
4.46E-08	4245.965235
4.51E-08	4244.445389
4.56E-08	4242.887013
4.62E-08	4241.284065
4.67E-08	4239.638159
4.72E-08	4237.947333
4.78E-08	4236.204135
4.83E-08	4234.41179
4.89E-08	4232.563876
4.95E-08	4230.659193
5.00E-08	4228.695748
5.06E-08	4226.669343
5.12E-08	4224.575825
5.18E-08	4222.416636
5.24E-08	4220.183747
5.30E-08	4217.877029
5.36E-08	4215.495556
5.43E-08	4213.029927
5.49E-08	4210.48262
5.55E-08	4207.84903
5.62E-08	4205.122992
5.68E-08	4202.306988
5.75E-08	4199.392602
5.81E-08	4196.378289
5.88E-08	4193.263185
5.95E-08	4190.042916
6.02E-08	4186.712834
6.09E-08	4183.270147
6.16E-08	4179.710569
6.23E-08	4176.037906
6.30E-08	4172.245092
6.38E-08	4168.329762
6.45E-08	4164.289038
6.53E-08	4160.121127
6.60E-08	4155.825092
6.68E-08	4151.398904
6.76E-08	4146.841756
6.83E-08	4142.151765
6.91E-08	4137.328198
6.99E-08	4132.371274
7.07E-08	4127.282047
7.16E-08	4122.061234
7.24E-08	4116.706618
7.32E-08	4111.221977
7.41E-08	4105.609827
7.49E-08	4099.87191
7.58E-08	4094.011233
7.67E-08	4088.031351
7.76E-08	4081.935887
7.85E-08	4075.728564
7.94E-08	4069.415652
8.03E-08	4063.002502
8.12E-08	4056.495085
8.22E-08	4049.899823
8.31E-08	4043.223536
8.41E-08	4036.473846
8.51E-08	4029.659071
8.61E-08	4022.787776
8.71E-08	4015.867332
8.81E-08	4008.90893
8.91E-08	4001.919433
9.01E-08	3994.912241
9.12E-08	3987.894077
9.22E-08	3980.876512
9.33E-08	3973.874334
9.44E-08	3966.898492
9.55E-08	3959.959383
9.66E-08	3953.072864
9.77E-08	3946.256022
9.89E-08	3939.531283
1.00E-07	NaN