   0.0000000e+00   1.1605505e+04
   2.8903860e-10   7.1595273e+03
   4.3751500e-10   6.9675660e+03
   5.8975134e-10   6.8027653e+03
   7.4591672e-10   6.6475778e+03
   9.0601084e-10   6.4931712e+03
   1.0699368e-09   6.3348831e+03
   1.2375443e-09   6.1709991e+03
   1.4086703e-09   6.0027083e+03
   1.5831893e-09   5.8341342e+03
   1.7610675e-09   5.6715448e+03
   1.9424013e-09   5.5214776e+03
   2.1274194e-09   5.3886402e+03
   2.3164455e-09   5.2748466e+03
   2.5098433e-09   5.1793414e+03
   2.7079670e-09   5.0998449e+03
   2.9111305e-09   5.0335536e+03
   3.1195954e-09   4.9777721e+03
   3.3335697e-09   4.9301985e+03
   3.5532138e-09   4.8889924e+03
   3.7786476e-09   4.8527388e+03
   4.0099584e-09   4.8203746e+03
   4.2472064e-09   4.7911101e+03
   4.4904307e-09   4.7643616e+03
   4.7396527e-09   4.7396964e+03
   4.9948795e-09   4.7167910e+03
   5.2561056e-09   4.6954010e+03
   5.5233152e-09   4.6753380e+03
   5.7964829e-09   4.6564545e+03
   6.0755752e-09   4.6386323e+03
   6.3605509e-09   4.6217748e+03
   6.6513618e-09   4.6058014e+03
   6.9479536e-09   4.5906436e+03
   7.2501803e-09   4.5762461e+03
   7.5560435e-09   4.5626396e+03
   7.8651527e-09   4.5497743e+03
   8.1840985e-09   4.5373414e+03
   8.5084757e-09   4.5254897e+03
   8.8382011e-09   4.5141856e+03
   9.1731880e-09   4.5033981e+03
   9.5133469e-09   4.4930990e+03
   9.8585853e-09   4.4832620e+03
   1.0201746e-08   4.4740470e+03
   1.0556759e-08   4.4650553e+03
   1.0904360e-08   4.4567419e+03
   1.1268597e-08   4.4485101e+03
   1.1637526e-08   4.4406333e+03
   1.2010945e-08   4.4330967e+03
   1.2388750e-08   4.4258838e+03
   1.2770839e-08   4.4189795e+03
   1.3157106e-08   4.4123691e+03
   1.3530698e-08   4.4063037e+03
   1.3924843e-08   4.4002297e+03
   1.4322860e-08   4.3944112e+03
   1.4724646e-08   4.3888365e+03
   1.5093262e-08   4.3839686e+03
   1.5484665e-08   4.3790412e+03
   1.5896693e-08   4.3741055e+03
   1.6312100e-08   4.3693735e+03
   1.6715223e-08   4.3650005e+03
   1.7074778e-08   4.3612711e+03
   1.7394113e-08   4.3580865e+03
   1.7707597e-08   4.3550712e+03
   1.8136444e-08   4.3511149e+03
   1.8568164e-08   4.3473176e+03
   1.9002669e-08   4.3436719e+03
   1.9388811e-08   4.3405713e+03
   1.9806772e-08   4.3373545e+03
   2.0248694e-08   4.3341015e+03
   2.0693073e-08   4.3309747e+03
   2.1139825e-08   4.3279681e+03
   2.1588873e-08   4.3250760e+03
   2.2040139e-08   4.3222929e+03
   2.2493548e-08   4.3196133e+03
   2.2948909e-08   4.3170329e+03
   2.3406385e-08   4.3145453e+03
   2.3865790e-08   4.3121465e+03
   2.4218247e-08   4.3103696e+03
   2.4669510e-08   4.3081707e+03
   2.5133859e-08   4.3059919e+03
   2.5599896e-08   4.3038856e+03
   2.6067558e-08   4.3018476e+03
   2.6536789e-08   4.2998741e+03
   2.7007531e-08   4.2979613e+03
   2.7479731e-08   4.2961057e+03
   2.7952584e-08   4.2943064e+03
   2.8425359e-08   4.2925625e+03
   2.8898079e-08   4.2908698e+03
   2.9296027e-08   4.2894818e+03
   2.9667956e-08   4.2882131e+03
   3.0128292e-08   4.2866785e+03
   3.0599800e-08   4.2851448e+03
   3.1057325e-08   4.2836904e+03
   3.1470851e-08   4.2824024e+03
   3.1879694e-08   4.2811518e+03
   3.2285574e-08   4.2799309e+03
   3.2690799e-08   4.2787310e+03
   3.3094269e-08   4.2775535e+03
   3.3495977e-08   4.2763966e+03
   3.3894827e-08   4.2752620e+03
   3.4299250e-08   4.2741242e+03
   3.4708165e-08   4.2729856e+03
   3.5118743e-08   4.2718527e+03
   3.5457416e-08   4.2709252e+03
   3.5825465e-08   4.2699234e+03
   3.6231905e-08   4.2688235e+03
   3.6644772e-08   4.2677120e+03
   3.7061634e-08   4.2665943e+03
   3.7468954e-08   4.2655056e+03
   3.7889773e-08   4.2643830e+03
   3.8303175e-08   4.2632815e+03
   3.8719304e-08   4.2621727e+03
   3.9129738e-08   4.2610781e+03
   3.9542362e-08   4.2599757e+03
   3.9950458e-08   4.2588825e+03
   4.0351765e-08   4.2578039e+03
   4.0758686e-08   4.2567055e+03
   4.1161069e-08   4.2556139e+03
   4.1570205e-08   4.2544977e+03
   4.1977641e-08   4.2533790e+03
   4.2336927e-08   4.2523859e+03
   4.2672630e-08   4.2514519e+03
   4.3056686e-08   4.2503757e+03
   4.3501967e-08   4.2491169e+03
   4.3967411e-08   4.2477873e+03
   4.4389382e-08   4.2465690e+03
   4.4806993e-08   4.2453503e+03
   4.5224043e-08   4.2441199e+03
   4.5639988e-08   4.2428786e+03
   4.6048327e-08   4.2416456e+03
   4.6445209e-08   4.2404331e+03
   4.6842138e-08   4.2392060e+03
   4.7234592e-08   4.2379778e+03
   4.7628717e-08   4.2367292e+03
   4.8021760e-08   4.2354683e+03
   4.8413663e-08   4.2341949e+03
   4.8808431e-08   4.2328955e+03
   4.9204338e-08   4.2315751e+03
   4.9598537e-08   4.2302428e+03
   4.9987056e-08   4.2289121e+03
   5.0374500e-08   4.2275673e+03
   5.0688991e-08   4.2264625e+03
   5.1035146e-08   4.2252323e+03
   5.1420518e-08   4.2238453e+03
   5.1854331e-08   4.2222614e+03
   5.2323529e-08   4.2205210e+03
   5.2784259e-08   4.2187839e+03
   5.3198217e-08   4.2171990e+03
   5.3604367e-08   4.2156214e+03
   5.4000414e-08   4.2140613e+03
   5.4393666e-08   4.2124907e+03
   5.4787558e-08   4.2108957e+03
   5.5182532e-08   4.2092744e+03
   5.5576454e-08   4.2076351e+03
   5.5969302e-08   4.2059781e+03
   5.6368408e-08   4.2042717e+03
   5.6767447e-08   4.2025423e+03
   5.7163789e-08   4.2008014e+03
   5.7559603e-08   4.1990396e+03
   5.7954237e-08   4.1972599e+03
   5.8342140e-08   4.1954879e+03
   5.8738553e-08   4.1936538e+03
   5.9130999e-08   4.1918147e+03
   5.9522870e-08   4.1899553e+03
   5.9883089e-08   4.1882256e+03
   6.0202612e-08   4.1866750e+03
   6.0547686e-08   4.1849831e+03
   6.0922649e-08   4.1831244e+03
   6.1332695e-08   4.1810676e+03
   6.1784409e-08   4.1787725e+03
   6.2195219e-08   4.1766588e+03
   6.2586775e-08   4.1746208e+03
   6.2980630e-08   4.1725479e+03
   6.3368270e-08   4.1704853e+03
   6.3749240e-08   4.1684368e+03
   6.4130150e-08   4.1663675e+03
   6.4524102e-08   4.1642053e+03
   6.4907857e-08   4.1620777e+03
   6.5290042e-08   4.1599379e+03
   6.5672692e-08   4.1577751e+03
   6.6048023e-08   4.1556338e+03
   6.6430195e-08   4.1534336e+03
   6.6815229e-08   4.1511968e+03
   6.7190702e-08   4.1489965e+03
   6.7572402e-08   4.1467406e+03
   6.7947901e-08   4.1445028e+03
   6.8318962e-08   4.1422738e+03
   6.8699575e-08   4.1399693e+03
   6.9076905e-08   4.1376671e+03
   6.9449730e-08   4.1353754e+03
   6.9826538e-08   4.1330424e+03
   7.0210135e-08   4.1306504e+03
   7.0585220e-08   4.1282953e+03
   7.0915151e-08   4.1262108e+03
   7.1236677e-08   4.1241680e+03
   7.1579314e-08   4.1219790e+03
   7.1946259e-08   4.1196212e+03
   7.2319519e-08   4.1172089e+03
   7.2690050e-08   4.1148008e+03
   7.3082665e-08   4.1122350e+03
   7.3493633e-08   4.1095342e+03
   7.3893961e-08   4.1068890e+03
   7.4298297e-08   4.1042036e+03
   7.4704807e-08   4.1014905e+03
   7.5111977e-08   4.0987601e+03
   7.5524246e-08   4.0959832e+03
   7.5934848e-08   4.0932057e+03
   7.6344889e-08   4.0904210e+03
   7.6752106e-08   4.0876451e+03
   7.7163392e-08   4.0848317e+03
   7.7572447e-08   4.0820245e+03
   7.7987799e-08   4.0791655e+03
   7.8400862e-08   4.0763144e+03
   7.8815081e-08   4.0734481e+03
   7.9224139e-08   4.0706112e+03
   7.9634499e-08   4.0677595e+03
   8.0046777e-08   4.0648894e+03
   8.0501165e-08   4.0617211e+03
   8.0973705e-08   4.0584216e+03
   8.1446297e-08   4.0551180e+03
   8.1896592e-08   4.0519677e+03
   8.2363898e-08   4.0486967e+03
   8.2823651e-08   4.0454779e+03
   8.3247744e-08   4.0425090e+03
   8.3557132e-08   4.0403437e+03
   8.3882975e-08   4.0380640e+03
   8.4227371e-08   4.0356560e+03
   8.4591543e-08   4.0331116e+03
   8.4977118e-08   4.0304203e+03
   8.5379090e-08   4.0276181e+03
   8.5807475e-08   4.0246363e+03
   8.6271782e-08   4.0214106e+03
   8.6708855e-08   4.0183808e+03
   8.7111160e-08   4.0155982e+03
   8.7508934e-08   4.0128535e+03
   8.7909576e-08   4.0100960e+03
   8.8302819e-08   4.0073969e+03
   8.8689278e-08   4.0047521e+03
   8.9073476e-08   4.0021307e+03
   8.9454290e-08   3.9995407e+03
   8.9913303e-08   3.9964306e+03
   9.0386670e-08   3.9932375e+03
   9.0860080e-08   3.9900593e+03
   9.1333534e-08   3.9868970e+03
   9.1807035e-08   3.9837513e+03
   9.2280585e-08   3.9806232e+03
   9.2754187e-08   3.9775135e+03
   9.3227840e-08   3.9744231e+03
   9.3701537e-08   3.9713529e+03
   9.4175271e-08   3.9683038e+03
   9.4649036e-08   3.9652765e+03
   9.5122835e-08   3.9622721e+03
   9.5596670e-08   3.9592911e+03
   9.6070545e-08   3.9563346e+03
   9.6544461e-08   3.9534034e+03
   9.7018423e-08   3.9504987e+03
   9.7451618e-08   3.9478682e+03
   9.7760923e-08   3.9460047e+03
   9.8083517e-08   3.9440748e+03
   9.8419984e-08   3.9420770e+03
   9.8770965e-08   3.9400102e+03
   9.9138463e-08   3.9378655e+03
   9.9523477e-08   3.9356404e+03
   9.9927840e-08   3.9333286e+03
