   3.6146318e+02   1.0000000e+00
   3.6148210e+02   0.0000000e+00
   3.6150102e+02   2.0000000e+00
   3.6151994e+02   1.0000000e+00
   3.6153886e+02   1.0000000e+00
   3.6155778e+02   1.0000000e+00
   3.6157670e+02   1.0000000e+00
   3.6159562e+02   0.0000000e+00
   3.6161454e+02   1.3000000e+01
   3.6163346e+02   0.0000000e+00
   3.6165238e+02   0.0000000e+00
   3.6167130e+02   0.0000000e+00
   3.6169022e+02   1.0000000e+00
   3.6170914e+02   0.0000000e+00
   3.6172806e+02   1.0000000e+00
   3.6174698e+02   0.0000000e+00
   3.6176590e+02   0.0000000e+00
   3.6178482e+02   0.0000000e+00
   3.6180374e+02   1.3000000e+01
   3.6182266e+02   1.0000000e+00
   3.6184158e+02   0.0000000e+00
   3.6186050e+02   1.0000000e+00
   3.6187942e+02   1.0000000e+00
   3.6189834e+02   0.0000000e+00
   3.6191726e+02   8.0000000e+00
   3.6193618e+02   1.0000000e+00
   3.6195510e+02   4.0000000e+00
   3.6197402e+02   1.0000000e+00
   3.6199294e+02   0.0000000e+00
   3.6201186e+02   2.0000000e+00
   3.6203078e+02   2.0000000e+00
   3.6204970e+02   0.0000000e+00
   3.6206862e+02   1.0000000e+00
   3.6208754e+02   0.0000000e+00
   3.6210646e+02   1.0000000e+00
   3.6212538e+02   0.0000000e+00
   3.6214430e+02   0.0000000e+00
   3.6216322e+02   0.0000000e+00
   3.6218214e+02   1.0000000e+00
   3.6220106e+02   0.0000000e+00
   3.6221998e+02   1.0000000e+00
   3.6223890e+02   1.0000000e+00
   3.6225782e+02   3.0000000e+00
   3.6227674e+02   0.0000000e+00
   3.6229566e+02   1.0000000e+00
   3.6231458e+02   2.0000000e+00
   3.6233350e+02   0.0000000e+00
   3.6235242e+02   0.0000000e+00
   3.6237134e+02   2.0000000e+00
   3.6239026e+02   6.0000000e+00
   3.6240918e+02   0.0000000e+00
   3.6242810e+02   0.0000000e+00
   3.6244702e+02   1.2000000e+01
   3.6246594e+02   8.0000000e+00
   3.6248486e+02   0.0000000e+00
   3.6250378e+02   0.0000000e+00
   3.6252270e+02   2.0000000e+00
   3.6254162e+02   0.0000000e+00
   3.6256054e+02   3.0000000e+00
   3.6257946e+02   1.0000000e+00
   3.6259838e+02   0.0000000e+00
   3.6261730e+02   1.6000000e+01
   3.6263622e+02   0.0000000e+00
   3.6265514e+02   1.0000000e+00
   3.6267406e+02   3.0000000e+00
   3.6269298e+02   0.0000000e+00
   3.6271190e+02   0.0000000e+00
   3.6273082e+02   0.0000000e+00
   3.6274974e+02   0.0000000e+00
   3.6276866e+02   1.0000000e+00
   3.6278758e+02   0.0000000e+00
   3.6280650e+02   1.0000000e+01
   3.6282542e+02   4.0000000e+00
   3.6284434e+02   2.0000000e+00
   3.6286326e+02   0.0000000e+00
   3.6288218e+02   4.0000000e+00
   3.6290110e+02   0.0000000e+00
   3.6292002e+02   1.0000000e+00
   3.6293894e+02   2.0000000e+00
   3.6295786e+02   1.0000000e+00
   3.6297678e+02   0.0000000e+00
   3.6299570e+02   1.0000000e+00
   3.6301462e+02   1.0000000e+00
   3.6303354e+02   0.0000000e+00
   3.6305246e+02   0.0000000e+00
   3.6307138e+02   3.0000000e+00
   3.6309030e+02   0.0000000e+00
   3.6310922e+02   1.0000000e+00
   3.6312814e+02   0.0000000e+00
   3.6314706e+02   2.0000000e+00
   3.6316598e+02   0.0000000e+00
   3.6318490e+02   0.0000000e+00
   3.6320382e+02   1.0000000e+00
   3.6322274e+02   2.0000000e+00
   3.6324166e+02   0.0000000e+00
   3.6326058e+02   1.0000000e+00
   3.6327950e+02   0.0000000e+00
   3.6329842e+02   0.0000000e+00
   3.6331734e+02   7.0000000e+00
   3.6333626e+02   4.0000000e+00
   3.6335518e+02   0.0000000e+00
   3.6337410e+02   0.0000000e+00
   3.6339302e+02   1.0000000e+00
   3.6341194e+02   5.0000000e+00
   3.6343086e+02   0.0000000e+00
   3.6344978e+02   0.0000000e+00
   3.6346870e+02   0.0000000e+00
   3.6348762e+02   5.0000000e+00
   3.6350654e+02   6.0000000e+00
   3.6352546e+02   6.0000000e+00
   3.6354438e+02   1.0000000e+00
   3.6356330e+02   0.0000000e+00
   3.6358222e+02   1.0000000e+00
   3.6360114e+02   3.0000000e+00
   3.6362006e+02   2.0000000e+00
   3.6363898e+02   8.0000000e+00
   3.6365790e+02   1.0000000e+00
   3.6367682e+02   1.0000000e+00
   3.6369574e+02   2.0000000e+00
   3.6371466e+02   0.0000000e+00
   3.6373358e+02   4.0000000e+00
   3.6375250e+02   0.0000000e+00
   3.6377142e+02   0.0000000e+00
   3.6379034e+02   1.0000000e+00
   3.6380926e+02   4.0000000e+00
   3.6382818e+02   3.0000000e+00
   3.6384710e+02   0.0000000e+00
   3.6386602e+02   0.0000000e+00
   3.6388494e+02   5.0000000e+00
   3.6390386e+02   1.0000000e+01
   3.6392278e+02   0.0000000e+00
   3.6394170e+02   0.0000000e+00
   3.6396062e+02   2.0000000e+00
   3.6397954e+02   2.0000000e+00
   3.6399846e+02   1.0000000e+00
   3.6401738e+02   1.3000000e+01
   3.6403630e+02   3.0000000e+00
   3.6405522e+02   0.0000000e+00
   3.6407414e+02   3.0000000e+00
   3.6409306e+02   2.0000000e+00
   3.6411198e+02   2.0000000e+00
   3.6413090e+02   4.0000000e+00
   3.6414982e+02   7.0000000e+00
   3.6416874e+02   0.0000000e+00
   3.6418766e+02   6.0000000e+00
   3.6420658e+02   3.0000000e+00
   3.6422550e+02   3.0000000e+00
   3.6424442e+02   1.0000000e+00
   3.6426334e+02   0.0000000e+00
   3.6428226e+02   0.0000000e+00
   3.6430118e+02   1.2000000e+01
   3.6432010e+02   0.0000000e+00
   3.6433902e+02   3.0000000e+00
   3.6435794e+02   0.0000000e+00
   3.6437686e+02   7.0000000e+00
   3.6439578e+02   3.0000000e+00
   3.6441470e+02   1.0000000e+00
   3.6443362e+02   3.0000000e+00
   3.6445254e+02   1.0000000e+00
   3.6447146e+02   2.0000000e+00
   3.6449038e+02   4.0000000e+00
   3.6450930e+02   2.0000000e+00
   3.6452822e+02   0.0000000e+00
   3.6454714e+02   1.0000000e+00
   3.6456606e+02   1.0000000e+00
   3.6458498e+02   1.1000000e+01
   3.6460390e+02   1.0000000e+00
   3.6462282e+02   0.0000000e+00
   3.6464174e+02   1.0000000e+00
   3.6466066e+02   0.0000000e+00
   3.6467958e+02   0.0000000e+00
   3.6469850e+02   0.0000000e+00
   3.6471742e+02   5.0000000e+00
   3.6473634e+02   2.0000000e+00
   3.6475526e+02   3.0000000e+00
   3.6477418e+02   0.0000000e+00
   3.6479310e+02   3.0000000e+00
   3.6481202e+02   0.0000000e+00
   3.6483094e+02   2.0000000e+00
   3.6484986e+02   0.0000000e+00
   3.6486878e+02   4.0000000e+00
   3.6488770e+02   3.0000000e+00
   3.6490662e+02   0.0000000e+00
   3.6492554e+02   4.0000000e+00
   3.6494446e+02   1.0000000e+00
   3.6496338e+02   4.0000000e+00
   3.6498230e+02   1.0000000e+00
   3.6500122e+02   4.0000000e+00
   3.6502014e+02   1.0000000e+00
   3.6503906e+02   1.1000000e+01
   3.6505798e+02   0.0000000e+00
   3.6507690e+02   1.2000000e+01
   3.6509582e+02   7.0000000e+00
   3.6511474e+02   0.0000000e+00
   3.6513366e+02   0.0000000e+00
   3.6515258e+02   0.0000000e+00
   3.6517150e+02   1.0000000e+00
   3.6519042e+02   1.0000000e+00
   3.6520934e+02   0.0000000e+00
   3.6522826e+02   0.0000000e+00
   3.6524718e+02   0.0000000e+00
   3.6526610e+02   1.0000000e+00
   3.6528502e+02   5.0000000e+00
   3.6530394e+02   3.0000000e+00
   3.6532286e+02   3.0000000e+00
   3.6534178e+02   1.0000000e+00
   3.6536070e+02   6.0000000e+00
   3.6537962e+02   0.0000000e+00
   3.6539854e+02   6.0000000e+00
   3.6541746e+02   2.0000000e+00
   3.6543638e+02   3.0000000e+00
   3.6545530e+02   1.0000000e+00
   3.6547422e+02   0.0000000e+00
   3.6549314e+02   0.0000000e+00
   3.6551206e+02   0.0000000e+00
   3.6553098e+02   2.0000000e+00
   3.6554990e+02   2.0000000e+00
   3.6556882e+02   0.0000000e+00
   3.6558774e+02   1.0000000e+00
   3.6560666e+02   0.0000000e+00
   3.6562558e+02   1.0000000e+00
   3.6564450e+02   3.0000000e+00
   3.6566342e+02   1.0000000e+00
   3.6568234e+02   0.0000000e+00
   3.6570126e+02   0.0000000e+00
   3.6572018e+02   0.0000000e+00
   3.6573910e+02   0.0000000e+00
   3.6575802e+02   8.0000000e+00
   3.6577694e+02   4.0000000e+00
   3.6579586e+02   0.0000000e+00
   3.6581478e+02   2.0000000e+00
   3.6583370e+02   6.0000000e+00
   3.6585262e+02   0.0000000e+00
   3.6587154e+02   0.0000000e+00
   3.6589046e+02   0.0000000e+00
   3.6590938e+02   0.0000000e+00
   3.6592830e+02   1.0000000e+00
   3.6594722e+02   4.0000000e+00
   3.6596614e+02   0.0000000e+00
   3.6598506e+02   0.0000000e+00
   3.6600398e+02   0.0000000e+00
   3.6602290e+02   1.0000000e+00
   3.6604182e+02   2.0000000e+00
   3.6606074e+02   7.0000000e+00
   3.6607966e+02   0.0000000e+00
   3.6609858e+02   3.0000000e+00
   3.6611750e+02   2.0000000e+00
   3.6613642e+02   3.0000000e+00
   3.6615534e+02   3.0000000e+00
   3.6617426e+02   1.0000000e+00
   3.6619318e+02   6.0000000e+00
   3.6621210e+02   0.0000000e+00
   3.6623102e+02   3.0000000e+00
   3.6624994e+02   0.0000000e+00
   3.6626886e+02   0.0000000e+00
   3.6628778e+02   0.0000000e+00
   3.6630670e+02   5.0000000e+00
   3.6632562e+02   0.0000000e+00
   3.6634454e+02   0.0000000e+00
   3.6636346e+02   2.0000000e+00
   3.6638238e+02   5.0000000e+00
   3.6640130e+02   3.0000000e+00
   3.6642022e+02   7.0000000e+00
   3.6643914e+02   4.0000000e+00
   3.6645806e+02   5.0000000e+00
   3.6647698e+02   1.0000000e+00
   3.6649590e+02   0.0000000e+00
   3.6651482e+02   2.0000000e+00
   3.6653374e+02   6.0000000e+00
   3.6655266e+02   0.0000000e+00
   3.6657158e+02   6.0000000e+00
   3.6659050e+02   0.0000000e+00
   3.6660942e+02   1.0000000e+00
   3.6662834e+02   2.0000000e+00
   3.6664726e+02   1.0000000e+00
   3.6666618e+02   1.0000000e+00
   3.6668510e+02   1.3000000e+01
   3.6670402e+02   3.0000000e+00
   3.6672294e+02   5.0000000e+00
   3.6674186e+02   2.0000000e+00
   3.6676078e+02   3.0000000e+00
   3.6677970e+02   2.0000000e+00
   3.6679862e+02   0.0000000e+00
   3.6681754e+02   0.0000000e+00
   3.6683646e+02   4.0000000e+00
   3.6685538e+02   3.0000000e+00
   3.6687430e+02   3.0000000e+00
   3.6689322e+02   1.0000000e+00
   3.6691214e+02   8.0000000e+00
   3.6693106e+02   3.0000000e+00
   3.6694998e+02   1.0000000e+00
   3.6696890e+02   2.0000000e+00
   3.6698782e+02   1.0000000e+00
   3.6700674e+02   1.4000000e+01
   3.6702566e+02   0.0000000e+00
   3.6704458e+02   1.1000000e+01
   3.6706350e+02   3.0000000e+00
   3.6708242e+02   2.0000000e+00
   3.6710134e+02   3.0000000e+00
   3.6712025e+02   1.0000000e+00
   3.6713917e+02   2.0000000e+00
   3.6715809e+02   6.0000000e+00
   3.6717701e+02   6.0000000e+00
   3.6719593e+02   3.0000000e+00
   3.6721485e+02   4.0000000e+00
   3.6723377e+02   0.0000000e+00
   3.6725269e+02   3.0000000e+00
   3.6727161e+02   0.0000000e+00
   3.6729053e+02   1.0000000e+00
   3.6730945e+02   0.0000000e+00
   3.6732837e+02   1.0000000e+01
   3.6734729e+02   2.0000000e+00
   3.6736621e+02   2.0000000e+00
   3.6738513e+02   0.0000000e+00
   3.6740405e+02   6.0000000e+00
   3.6742297e+02   3.0000000e+00
   3.6744189e+02   1.0000000e+00
   3.6746081e+02   1.0000000e+00
   3.6747973e+02   1.0000000e+00
   3.6749865e+02   2.0000000e+00
   3.6751757e+02   1.0000000e+00
   3.6753649e+02   0.0000000e+00
   3.6755541e+02   0.0000000e+00
   3.6757433e+02   2.0000000e+00
   3.6759325e+02   9.0000000e+00
   3.6761217e+02   2.0000000e+00
   3.6763109e+02   1.0000000e+00
   3.6765001e+02   1.0000000e+00
   3.6766893e+02   1.6000000e+01
   3.6768785e+02   0.0000000e+00
   3.6770677e+02   4.0000000e+00
   3.6772569e+02   0.0000000e+00
   3.6774461e+02   1.0000000e+00
   3.6776353e+02   0.0000000e+00
   3.6778245e+02   5.0000000e+00
   3.6780137e+02   2.0000000e+00
   3.6782029e+02   1.1000000e+01
   3.6783921e+02   2.0000000e+00
   3.6785813e+02   3.0000000e+00
   3.6787705e+02   0.0000000e+00
   3.6789597e+02   2.0000000e+00
   3.6791489e+02   3.0000000e+00
   3.6793381e+02   1.0000000e+00
   3.6795273e+02   2.0000000e+00
   3.6797165e+02   9.0000000e+00
   3.6799057e+02   0.0000000e+00
   3.6800949e+02   2.0000000e+00
   3.6802841e+02   0.0000000e+00
   3.6804733e+02   0.0000000e+00
   3.6806625e+02   4.0000000e+00
   3.6808517e+02   0.0000000e+00
   3.6810409e+02   6.0000000e+00
   3.6812301e+02   2.0000000e+00
   3.6814193e+02   2.0000000e+00
   3.6816085e+02   6.0000000e+00
   3.6817977e+02   1.1000000e+01
   3.6819869e+02   0.0000000e+00
   3.6821761e+02   2.0000000e+00
   3.6823653e+02   0.0000000e+00
   3.6825545e+02   2.0000000e+00
   3.6827437e+02   0.0000000e+00
   3.6829329e+02   0.0000000e+00
   3.6831221e+02   0.0000000e+00
   3.6833113e+02   9.0000000e+00
   3.6835005e+02   3.0000000e+00
   3.6836897e+02   1.0000000e+00
   3.6838789e+02   1.0000000e+00
   3.6840681e+02   3.0000000e+00
   3.6842573e+02   1.0000000e+00
   3.6844465e+02   0.0000000e+00
   3.6846357e+02   1.0000000e+00
   3.6848249e+02   2.0000000e+00
   3.6850141e+02   1.0000000e+00
   3.6852033e+02   3.0000000e+00
   3.6853925e+02   2.0000000e+00
   3.6855817e+02   2.0000000e+00
   3.6857709e+02   1.0000000e+00
   3.6859601e+02   0.0000000e+00
   3.6861493e+02   5.0000000e+00
   3.6863385e+02   1.0000000e+00
   3.6865277e+02   0.0000000e+00
   3.6867169e+02   2.0000000e+00
   3.6869061e+02   1.0000000e+00
   3.6870953e+02   2.0000000e+00
   3.6872845e+02   1.0000000e+00
   3.6874737e+02   2.0000000e+00
   3.6876629e+02   0.0000000e+00
   3.6878521e+02   0.0000000e+00
   3.6880413e+02   0.0000000e+00
   3.6882305e+02   2.0000000e+00
   3.6884197e+02   0.0000000e+00
   3.6886089e+02   1.5000000e+01
   3.6887981e+02   3.0000000e+00
   3.6889873e+02   8.0000000e+00
   3.6891765e+02   2.0000000e+00
   3.6893657e+02   0.0000000e+00
   3.6895549e+02   2.0000000e+00
   3.6897441e+02   0.0000000e+00
   3.6899333e+02   0.0000000e+00
   3.6901225e+02   5.0000000e+00
   3.6903117e+02   2.0000000e+00
   3.6905009e+02   0.0000000e+00
   3.6906901e+02   3.0000000e+00
   3.6908793e+02   1.0000000e+00
   3.6910685e+02   1.0000000e+01
   3.6912577e+02   1.3000000e+01
   3.6914469e+02   1.0000000e+00
   3.6916361e+02   2.0000000e+00
   3.6918253e+02   0.0000000e+00
   3.6920145e+02   4.0000000e+00
   3.6922037e+02   2.0000000e+00
   3.6923929e+02   0.0000000e+00
   3.6925821e+02   2.0000000e+00
   3.6927713e+02   5.0000000e+00
   3.6929605e+02   1.0000000e+00
   3.6931497e+02   0.0000000e+00
   3.6933389e+02   0.0000000e+00
   3.6935281e+02   1.0000000e+01
   3.6937173e+02   5.0000000e+00
   3.6939065e+02   1.0000000e+00
   3.6940957e+02   2.0000000e+00
   3.6942849e+02   2.0000000e+00
   3.6944741e+02   0.0000000e+00
   3.6946633e+02   1.0000000e+00
   3.6948525e+02   7.0000000e+00
   3.6950417e+02   6.0000000e+00
   3.6952309e+02   3.0000000e+00
   3.6954201e+02   1.3000000e+01
   3.6956093e+02   2.0000000e+00
   3.6957985e+02   2.0000000e+00
   3.6959877e+02   0.0000000e+00
   3.6961769e+02   0.0000000e+00
   3.6963661e+02   1.1000000e+01
   3.6965553e+02   0.0000000e+00
   3.6967445e+02   1.0000000e+00
   3.6969337e+02   1.0000000e+00
   3.6971229e+02   3.0000000e+00
   3.6973121e+02   1.0000000e+00
   3.6975013e+02   4.0000000e+00
   3.6976905e+02   9.0000000e+00
   3.6978797e+02   3.0000000e+00
   3.6980689e+02   2.0000000e+00
   3.6982581e+02   2.0000000e+00
   3.6984473e+02   6.0000000e+00
   3.6986365e+02   8.0000000e+00
   3.6988257e+02   6.0000000e+00
   3.6990149e+02   2.0000000e+00
   3.6992041e+02   7.0000000e+00
   3.6993933e+02   4.0000000e+00
   3.6995825e+02   0.0000000e+00
   3.6997717e+02   1.0000000e+00
   3.6999609e+02   2.0000000e+00
   3.7001501e+02   0.0000000e+00
   3.7003393e+02   1.0000000e+00
   3.7005285e+02   1.0000000e+00
   3.7007177e+02   0.0000000e+00
   3.7009069e+02   1.3000000e+01
   3.7010961e+02   1.0000000e+00
   3.7012853e+02   3.0000000e+00
   3.7014745e+02   1.3000000e+01
   3.7016637e+02   5.0000000e+00
   3.7018529e+02   1.0000000e+00
   3.7020421e+02   6.0000000e+00
   3.7022313e+02   7.0000000e+00
   3.7024205e+02   2.0000000e+00
   3.7026097e+02   1.0000000e+00
   3.7027989e+02   4.0000000e+00
   3.7029881e+02   2.0000000e+00
   3.7031773e+02   4.0000000e+00
   3.7033665e+02   4.0000000e+00
   3.7035557e+02   4.0000000e+00
   3.7037449e+02   8.0000000e+00
   3.7039341e+02   1.0000000e+00
   3.7041233e+02   0.0000000e+00
   3.7043125e+02   4.0000000e+00
   3.7045017e+02   2.0000000e+00
   3.7046909e+02   3.0000000e+00
   3.7048801e+02   2.0000000e+00
   3.7050693e+02   3.0000000e+00
   3.7052585e+02   1.0000000e+01
   3.7054477e+02   0.0000000e+00
   3.7056369e+02   1.0000000e+00
   3.7058261e+02   1.0000000e+00
   3.7060153e+02   1.0000000e+00
   3.7062045e+02   3.0000000e+00
   3.7063937e+02   3.0000000e+00
   3.7065829e+02   4.0000000e+00
   3.7067721e+02   2.0000000e+00
   3.7069613e+02   5.0000000e+00
   3.7071505e+02   3.0000000e+00
   3.7073397e+02   0.0000000e+00
   3.7075289e+02   3.0000000e+00
   3.7077181e+02   7.0000000e+00
   3.7079073e+02   3.0000000e+00
   3.7080965e+02   5.0000000e+00
   3.7082857e+02   2.0000000e+00
   3.7084749e+02   4.0000000e+00
   3.7086641e+02   5.0000000e+00
   3.7088533e+02   8.0000000e+00
   3.7090425e+02   1.1000000e+01
   3.7092317e+02   1.6000000e+01
   3.7094209e+02   4.0000000e+00
   3.7096101e+02   6.0000000e+00
   3.7097993e+02   3.0000000e+00
   3.7099885e+02   6.0000000e+00
   3.7101777e+02   5.0000000e+00
   3.7103669e+02   6.0000000e+00
   3.7105561e+02   8.0000000e+00
   3.7107453e+02   3.0000000e+00
   3.7109345e+02   1.0000000e+01
   3.7111237e+02   0.0000000e+00
   3.7113129e+02   1.0000000e+00
   3.7115021e+02   0.0000000e+00
   3.7116913e+02   0.0000000e+00
   3.7118805e+02   2.0000000e+00
   3.7120697e+02   1.0000000e+00
   3.7122589e+02   1.0000000e+00
   3.7124481e+02   1.0000000e+00
   3.7126373e+02   1.1000000e+01
   3.7128265e+02   0.0000000e+00
   3.7130157e+02   1.1000000e+01
   3.7132049e+02   0.0000000e+00
   3.7133941e+02   0.0000000e+00
   3.7135833e+02   7.0000000e+00
   3.7137725e+02   0.0000000e+00
   3.7139617e+02   5.0000000e+00
   3.7141509e+02   3.0000000e+00
   3.7143401e+02   1.3000000e+01
   3.7145293e+02   0.0000000e+00
   3.7147185e+02   2.0000000e+00
   3.7149077e+02   4.0000000e+00
   3.7150969e+02   1.0000000e+00
   3.7152861e+02   0.0000000e+00
   3.7154753e+02   1.3000000e+01
   3.7156645e+02   1.0000000e+00
   3.7158537e+02   1.0000000e+00
   3.7160429e+02   5.0000000e+00
   3.7162321e+02   1.0000000e+01
   3.7164213e+02   0.0000000e+00
   3.7166105e+02   6.0000000e+00
   3.7167997e+02   4.0000000e+00
   3.7169889e+02   5.0000000e+00
   3.7171781e+02   4.0000000e+00
   3.7173673e+02   0.0000000e+00
   3.7175565e+02   0.0000000e+00
   3.7177457e+02   3.0000000e+00
   3.7179349e+02   6.0000000e+00
   3.7181241e+02   0.0000000e+00
   3.7183133e+02   0.0000000e+00
   3.7185025e+02   1.3000000e+01
   3.7186917e+02   1.7000000e+01
   3.7188809e+02   4.0000000e+00
   3.7190701e+02   3.0000000e+00
   3.7192593e+02   2.0000000e+00
   3.7194485e+02   3.0000000e+00
   3.7196377e+02   1.0000000e+00
   3.7198269e+02   0.0000000e+00
   3.7200161e+02   2.0000000e+00
   3.7202053e+02   0.0000000e+00
   3.7203945e+02   1.0000000e+00
   3.7205837e+02   2.0000000e+00
   3.7207729e+02   4.0000000e+00
   3.7209621e+02   3.0000000e+00
   3.7211513e+02   5.0000000e+00
   3.7213405e+02   3.0000000e+00
   3.7215297e+02   5.0000000e+00
   3.7217189e+02   0.0000000e+00
   3.7219081e+02   0.0000000e+00
   3.7220973e+02   2.0000000e+00
   3.7222865e+02   3.0000000e+00
   3.7224757e+02   1.0000000e+00
   3.7226649e+02   4.0000000e+00
   3.7228541e+02   0.0000000e+00
   3.7230433e+02   2.0000000e+00
   3.7232325e+02   0.0000000e+00
   3.7234217e+02   0.0000000e+00
   3.7236109e+02   0.0000000e+00
   3.7238001e+02   4.0000000e+00
   3.7239893e+02   0.0000000e+00
   3.7241785e+02   0.0000000e+00
   3.7243677e+02   0.0000000e+00
   3.7245569e+02   0.0000000e+00
   3.7247461e+02   1.0000000e+00
   3.7249353e+02   1.0000000e+00
   3.7251245e+02   3.0000000e+00
   3.7253137e+02   3.0000000e+00
   3.7255029e+02   5.0000000e+00
   3.7256921e+02   0.0000000e+00
   3.7258813e+02   1.0000000e+00
   3.7260705e+02   1.0000000e+00
   3.7262597e+02   4.0000000e+00
   3.7264489e+02   2.0000000e+00
   3.7266381e+02   1.0000000e+00
   3.7268273e+02   0.0000000e+00
   3.7270165e+02   3.0000000e+00
   3.7272057e+02   2.0000000e+00
   3.7273949e+02   3.0000000e+00
   3.7275841e+02   0.0000000e+00
   3.7277733e+02   1.0000000e+00
   3.7279625e+02   1.0000000e+01
   3.7281517e+02   2.0000000e+00
   3.7283409e+02   2.0000000e+00
   3.7285301e+02   4.0000000e+00
   3.7287193e+02   2.0000000e+00
   3.7289085e+02   6.0000000e+00
   3.7290977e+02   1.0000000e+00
   3.7292869e+02   2.0000000e+00
   3.7294761e+02   3.0000000e+00
   3.7296653e+02   8.0000000e+00
   3.7298545e+02   5.0000000e+00
   3.7300437e+02   1.0000000e+00
   3.7302329e+02   3.0000000e+00
   3.7304221e+02   1.2000000e+01
   3.7306113e+02   2.0000000e+00
   3.7308005e+02   2.0000000e+00
   3.7309897e+02   1.0000000e+00
   3.7311789e+02   1.0000000e+00
   3.7313681e+02   0.0000000e+00
   3.7315573e+02   3.0000000e+00
   3.7317465e+02   4.0000000e+00
   3.7319357e+02   1.9000000e+01
   3.7321249e+02   1.1000000e+01
   3.7323141e+02   1.0000000e+00
   3.7325033e+02   7.0000000e+00
   3.7326925e+02   1.0000000e+00
   3.7328817e+02   0.0000000e+00
   3.7330709e+02   5.0000000e+00
   3.7332601e+02   3.0000000e+00
   3.7334493e+02   4.0000000e+00
   3.7336385e+02   4.0000000e+00
   3.7338277e+02   6.0000000e+00
   3.7340169e+02   8.0000000e+00
   3.7342061e+02   4.0000000e+00
   3.7343953e+02   1.0000000e+00
   3.7345845e+02   5.0000000e+00
   3.7347737e+02   5.0000000e+00
   3.7349629e+02   1.0000000e+00
   3.7351521e+02   1.0000000e+00
   3.7353413e+02   6.0000000e+00
   3.7355305e+02   6.0000000e+00
   3.7357197e+02   8.0000000e+00
   3.7359089e+02   3.0000000e+00
   3.7360981e+02   0.0000000e+00
   3.7362873e+02   6.0000000e+00
   3.7364765e+02   6.0000000e+00
   3.7366657e+02   1.4000000e+01
   3.7368549e+02   4.0000000e+00
   3.7370441e+02   5.0000000e+00
   3.7372333e+02   1.0000000e+00
   3.7374225e+02   2.0000000e+00
   3.7376117e+02   5.0000000e+00
   3.7378009e+02   9.0000000e+00
   3.7379901e+02   5.0000000e+00
   3.7381793e+02   3.0000000e+00
   3.7383685e+02   4.0000000e+00
   3.7385577e+02   7.0000000e+00
   3.7387469e+02   3.0000000e+00
   3.7389361e+02   7.0000000e+00
   3.7391253e+02   4.0000000e+00
   3.7393145e+02   2.0000000e+00
   3.7395037e+02   4.0000000e+00
   3.7396929e+02   5.0000000e+00
   3.7398821e+02   7.0000000e+00
   3.7400713e+02   9.0000000e+00
   3.7402605e+02   3.0000000e+00
   3.7404497e+02   3.0000000e+00
   3.7406389e+02   3.0000000e+00
   3.7408281e+02   4.0000000e+00
   3.7410173e+02   3.0000000e+00
   3.7412065e+02   8.0000000e+00
   3.7413957e+02   3.0000000e+00
   3.7415849e+02   7.0000000e+00
   3.7417741e+02   8.0000000e+00
   3.7419633e+02   0.0000000e+00
   3.7421525e+02   6.0000000e+00
   3.7423417e+02   0.0000000e+00
   3.7425309e+02   1.8000000e+01
   3.7427201e+02   3.0000000e+00
   3.7429093e+02   3.0000000e+00
   3.7430985e+02   4.0000000e+00
   3.7432877e+02   4.0000000e+00
   3.7434769e+02   9.0000000e+00
   3.7436661e+02   4.0000000e+00
   3.7438553e+02   7.0000000e+00
   3.7440445e+02   4.0000000e+00
   3.7442337e+02   1.2000000e+01
   3.7444229e+02   8.0000000e+00
   3.7446121e+02   8.0000000e+00
   3.7448013e+02   5.0000000e+00
   3.7449905e+02   8.0000000e+00
   3.7451797e+02   6.0000000e+00
   3.7453689e+02   5.0000000e+00
   3.7455581e+02   3.0000000e+00
   3.7457473e+02   4.0000000e+00
   3.7459365e+02   3.0000000e+00
   3.7461257e+02   6.0000000e+00
   3.7463149e+02   3.0000000e+00
   3.7465041e+02   1.0000000e+00
   3.7466933e+02   7.0000000e+00
   3.7468825e+02   8.0000000e+00
   3.7470717e+02   2.0000000e+00
   3.7472609e+02   1.0000000e+01
   3.7474501e+02   1.1000000e+01
   3.7476393e+02   5.0000000e+00
   3.7478285e+02   1.1000000e+01
   3.7480177e+02   8.0000000e+00
   3.7482069e+02   5.0000000e+00
   3.7483961e+02   1.0000000e+01
   3.7485853e+02   1.0000000e+01
   3.7487745e+02   4.0000000e+00
   3.7489637e+02   1.1000000e+01
   3.7491529e+02   8.0000000e+00
   3.7493421e+02   0.0000000e+00
   3.7495313e+02   7.0000000e+00
   3.7497205e+02   8.0000000e+00
   3.7499097e+02   3.0000000e+00
   3.7500989e+02   8.0000000e+00
   3.7502881e+02   9.0000000e+00
   3.7504773e+02   1.3000000e+01
   3.7506665e+02   1.0000000e+01
   3.7508557e+02   1.0000000e+01
   3.7510449e+02   0.0000000e+00
   3.7512341e+02   9.0000000e+00
   3.7514233e+02   1.0000000e+01
   3.7516125e+02   7.0000000e+00
   3.7518017e+02   7.0000000e+00
   3.7519909e+02   9.0000000e+00
   3.7521801e+02   9.0000000e+00
   3.7523693e+02   1.2000000e+01
   3.7525585e+02   9.0000000e+00
   3.7527477e+02   1.2000000e+01
   3.7529369e+02   1.5000000e+01
   3.7531261e+02   1.1000000e+01
   3.7533153e+02   1.1000000e+01
   3.7535045e+02   1.4000000e+01
   3.7536937e+02   1.1000000e+01
   3.7538829e+02   2.1000000e+01
   3.7540721e+02   1.3000000e+01
   3.7542613e+02   1.1000000e+01
   3.7544505e+02   7.0000000e+00
   3.7546397e+02   1.3000000e+01
   3.7548289e+02   8.0000000e+00
   3.7550181e+02   1.5000000e+01
   3.7552073e+02   9.0000000e+00
   3.7553965e+02   1.2000000e+01
   3.7555857e+02   8.0000000e+00
   3.7557749e+02   9.0000000e+00
   3.7559641e+02   1.2000000e+01
   3.7561533e+02   9.0000000e+00
   3.7563425e+02   8.0000000e+00
   3.7565317e+02   7.0000000e+00
   3.7567209e+02   5.0000000e+00
   3.7569101e+02   7.0000000e+00
   3.7570993e+02   4.0000000e+00
   3.7572885e+02   1.0000000e+01
   3.7574777e+02   7.0000000e+00
   3.7576669e+02   1.4000000e+01
   3.7578561e+02   1.0000000e+01
   3.7580453e+02   1.1000000e+01
   3.7582345e+02   3.0000000e+00
   3.7584237e+02   1.0000000e+00
   3.7586129e+02   2.0000000e+00
   3.7588021e+02   8.0000000e+00
   3.7589913e+02   3.0000000e+00
   3.7591805e+02   1.0000000e+00
   3.7593697e+02   2.0000000e+00
   3.7595589e+02   2.0000000e+00
   3.7597481e+02   1.0000000e+00
   3.7599373e+02   3.0000000e+00
   3.7601265e+02   5.0000000e+00
   3.7603157e+02   0.0000000e+00
   3.7605049e+02   3.0000000e+00
   3.7606941e+02   3.0000000e+00
   3.7608833e+02   4.0000000e+00
   3.7610725e+02   2.0000000e+00
   3.7612617e+02   4.0000000e+00
   3.7614509e+02   1.0000000e+00
   3.7616401e+02   1.3000000e+01
   3.7618293e+02   2.0000000e+00
   3.7620185e+02   7.0000000e+00
   3.7622077e+02   4.0000000e+00
   3.7623969e+02   8.0000000e+00
   3.7625861e+02   2.0000000e+00
   3.7627753e+02   0.0000000e+00
   3.7629645e+02   1.0000000e+00
   3.7631537e+02   0.0000000e+00
   3.7633429e+02   2.0000000e+00
   3.7635321e+02   8.0000000e+00
   3.7637213e+02   1.0000000e+00
   3.7639105e+02   6.0000000e+00
   3.7640997e+02   6.0000000e+00
   3.7642889e+02   0.0000000e+00
   3.7644781e+02   1.0000000e+00
   3.7646673e+02   5.0000000e+00
   3.7648565e+02   1.0000000e+00
   3.7650457e+02   2.0000000e+00
   3.7652349e+02   1.0000000e+00
   3.7654241e+02   2.0000000e+00
   3.7656133e+02   1.0000000e+00
   3.7658025e+02   2.0000000e+00
   3.7659917e+02   2.0000000e+00
   3.7661809e+02   0.0000000e+00
   3.7663701e+02   2.0000000e+00
   3.7665593e+02   0.0000000e+00
   3.7667485e+02   0.0000000e+00
   3.7669377e+02   1.0000000e+00
   3.7671269e+02   0.0000000e+00
   3.7673161e+02   5.0000000e+00
   3.7675053e+02   6.0000000e+00
   3.7676945e+02   3.0000000e+00
   3.7678837e+02   1.0000000e+00
   3.7680729e+02   2.0000000e+00
   3.7682621e+02   3.0000000e+00
   3.7684513e+02   0.0000000e+00
   3.7686405e+02   3.0000000e+00
   3.7688297e+02   0.0000000e+00
   3.7690189e+02   1.0000000e+00
   3.7692081e+02   1.0000000e+00
   3.7693973e+02   4.0000000e+00
   3.7695865e+02   4.0000000e+00
   3.7697757e+02   0.0000000e+00
   3.7699649e+02   1.0000000e+00
   3.7701541e+02   3.0000000e+00
   3.7703433e+02   1.0000000e+00
   3.7705325e+02   4.0000000e+00
   3.7707217e+02   1.0000000e+00
   3.7709109e+02   1.0000000e+00
   3.7711001e+02   1.0000000e+00
   3.7712893e+02   1.1000000e+01
   3.7714785e+02   1.0000000e+00
   3.7716677e+02   2.0000000e+00
   3.7718569e+02   1.0000000e+00
   3.7720461e+02   2.0000000e+00
   3.7722353e+02   4.0000000e+00
   3.7724245e+02   2.0000000e+00
   3.7726137e+02   0.0000000e+00
   3.7728029e+02   5.0000000e+00
   3.7729921e+02   2.0000000e+00
   3.7731813e+02   0.0000000e+00
   3.7733705e+02   1.0000000e+00
   3.7735597e+02   0.0000000e+00
   3.7737489e+02   3.0000000e+00
   3.7739381e+02   0.0000000e+00
   3.7741273e+02   0.0000000e+00
   3.7743165e+02   1.0000000e+00
   3.7745057e+02   2.0000000e+00
   3.7746949e+02   3.0000000e+00
   3.7748841e+02   3.0000000e+00
   3.7750733e+02   0.0000000e+00
   3.7752625e+02   1.0000000e+01
   3.7754517e+02   2.0000000e+00
   3.7756409e+02   1.0000000e+00
   3.7758301e+02   2.0000000e+00
   3.7760193e+02   1.0000000e+00
   3.7762085e+02   6.0000000e+00
   3.7763977e+02   8.0000000e+00
   3.7765869e+02   2.0000000e+00
   3.7767761e+02   3.0000000e+00
   3.7769653e+02   3.0000000e+00
   3.7771545e+02   5.0000000e+00
   3.7773437e+02   1.0000000e+00
   3.7775329e+02   3.0000000e+00
   3.7777221e+02   0.0000000e+00
   3.7779113e+02   2.0000000e+00
   3.7781005e+02   5.0000000e+00
   3.7782897e+02   8.0000000e+00
   3.7784789e+02   0.0000000e+00
   3.7786681e+02   8.0000000e+00
   3.7788573e+02   2.0000000e+00
   3.7790465e+02   0.0000000e+00
   3.7792357e+02   8.0000000e+00
   3.7794249e+02   5.0000000e+00
   3.7796141e+02   8.0000000e+00
   3.7798033e+02   3.0000000e+00
   3.7799925e+02   1.0000000e+00
   3.7801817e+02   0.0000000e+00
   3.7803709e+02   1.0000000e+00
   3.7805601e+02   5.0000000e+00
   3.7807493e+02   0.0000000e+00
   3.7809385e+02   4.0000000e+00
   3.7811277e+02   4.0000000e+00
   3.7813169e+02   8.0000000e+00
   3.7815061e+02   7.0000000e+00
   3.7816953e+02   4.0000000e+00
   3.7818845e+02   7.0000000e+00
   3.7820737e+02   3.0000000e+00
   3.7822629e+02   2.0000000e+00
   3.7824521e+02   3.0000000e+00
   3.7826413e+02   8.0000000e+00
   3.7828305e+02   4.0000000e+00
   3.7830197e+02   6.0000000e+00
   3.7832089e+02   1.1000000e+01
   3.7833981e+02   1.0000000e+00
   3.7835873e+02   3.0000000e+00
   3.7837765e+02   0.0000000e+00
   3.7839657e+02   7.0000000e+00
   3.7841549e+02   1.0000000e+00
   3.7843441e+02   1.0000000e+00
   3.7845333e+02   2.0000000e+00
   3.7847225e+02   1.0000000e+01
   3.7849117e+02   2.0000000e+00
   3.7851009e+02   5.0000000e+00
   3.7852901e+02   5.0000000e+00
   3.7854793e+02   5.0000000e+00
   3.7856685e+02   1.0000000e+00
   3.7858577e+02   4.0000000e+00
   3.7860469e+02   6.0000000e+00
   3.7862361e+02   8.0000000e+00
   3.7864253e+02   6.0000000e+00
   3.7866145e+02   9.0000000e+00
   3.7868037e+02   7.0000000e+00
   3.7869929e+02   6.0000000e+00
   3.7871821e+02   3.0000000e+00
   3.7873713e+02   3.0000000e+00
   3.7875605e+02   5.0000000e+00
   3.7877497e+02   7.0000000e+00
   3.7879389e+02   3.0000000e+00
   3.7881281e+02   2.0000000e+00
   3.7883173e+02   8.0000000e+00
   3.7885065e+02   6.0000000e+00
   3.7886957e+02   4.0000000e+00
   3.7888849e+02   8.0000000e+00
   3.7890741e+02   3.0000000e+00
   3.7892633e+02   6.0000000e+00
   3.7894525e+02   1.0000000e+01
   3.7896417e+02   3.0000000e+00
   3.7898309e+02   3.0000000e+00
   3.7900201e+02   9.0000000e+00
   3.7902093e+02   6.0000000e+00
   3.7903985e+02   1.0000000e+01
   3.7905877e+02   6.0000000e+00
   3.7907769e+02   9.0000000e+00
   3.7909661e+02   7.0000000e+00
   3.7911553e+02   3.0000000e+00
   3.7913445e+02   7.0000000e+00
   3.7915337e+02   3.0000000e+00
   3.7917229e+02   1.2000000e+01
   3.7919121e+02   6.0000000e+00
   3.7921013e+02   9.0000000e+00
   3.7922905e+02   1.1000000e+01
   3.7924797e+02   5.0000000e+00
   3.7926689e+02   7.0000000e+00
   3.7928581e+02   5.0000000e+00
   3.7930473e+02   8.0000000e+00
   3.7932365e+02   1.5000000e+01
   3.7934257e+02   3.0000000e+00
   3.7936149e+02   8.0000000e+00
   3.7938041e+02   3.0000000e+00
   3.7939933e+02   1.0000000e+01
   3.7941825e+02   1.0000000e+01
   3.7943717e+02   8.0000000e+00
   3.7945609e+02   7.0000000e+00
   3.7947501e+02   8.0000000e+00
   3.7949393e+02   2.4000000e+01
   3.7951285e+02   8.0000000e+00
   3.7953177e+02   7.0000000e+00
   3.7955069e+02   1.0000000e+01
   3.7956961e+02   1.2000000e+01
   3.7958853e+02   7.0000000e+00
   3.7960745e+02   1.4000000e+01
   3.7962637e+02   1.8000000e+01
   3.7964528e+02   8.0000000e+00
   3.7966420e+02   1.0000000e+01
   3.7968312e+02   1.4000000e+01
   3.7970204e+02   7.0000000e+00
   3.7972096e+02   1.3000000e+01
   3.7973988e+02   1.0000000e+01
   3.7975880e+02   1.2000000e+01
   3.7977772e+02   3.0000000e+00
   3.7979664e+02   1.5000000e+01
   3.7981556e+02   1.2000000e+01
   3.7983448e+02   1.5000000e+01
   3.7985340e+02   1.4000000e+01
   3.7987232e+02   1.2000000e+01
   3.7989124e+02   1.6000000e+01
   3.7991016e+02   1.3000000e+01
   3.7992908e+02   1.3000000e+01
   3.7994800e+02   1.5000000e+01
   3.7996692e+02   1.0000000e+01
   3.7998584e+02   1.1000000e+01
   3.8000476e+02   1.2000000e+01
   3.8002368e+02   1.5000000e+01
   3.8004260e+02   1.4000000e+01
   3.8006152e+02   1.5000000e+01
   3.8008044e+02   1.2000000e+01
   3.8009936e+02   1.2000000e+01
   3.8011828e+02   1.5000000e+01
   3.8013720e+02   1.3000000e+01
   3.8015612e+02   1.9000000e+01
   3.8017504e+02   1.9000000e+01
   3.8019396e+02   1.9000000e+01
   3.8021288e+02   2.1000000e+01
   3.8023180e+02   1.8000000e+01
   3.8025072e+02   2.2000000e+01
   3.8026964e+02   1.9000000e+01
   3.8028856e+02   2.0000000e+01
   3.8030748e+02   1.8000000e+01
   3.8032640e+02   1.8000000e+01
   3.8034532e+02   2.4000000e+01
   3.8036424e+02   2.4000000e+01
   3.8038316e+02   2.5000000e+01
   3.8040208e+02   2.8000000e+01
   3.8042100e+02   2.9000000e+01
   3.8043992e+02   2.0000000e+01
   3.8045884e+02   2.4000000e+01
   3.8047776e+02   2.2000000e+01
   3.8049668e+02   2.1000000e+01
   3.8051560e+02   1.9000000e+01
   3.8053452e+02   2.2000000e+01
   3.8055344e+02   2.5000000e+01
   3.8057236e+02   2.8000000e+01
   3.8059128e+02   2.5000000e+01
   3.8061020e+02   2.1000000e+01
   3.8062912e+02   2.1000000e+01
   3.8064804e+02   1.9000000e+01
   3.8066696e+02   1.9000000e+01
   3.8068588e+02   2.0000000e+01
   3.8070480e+02   1.8000000e+01
   3.8072372e+02   1.8000000e+01
   3.8074264e+02   1.3000000e+01
   3.8076156e+02   1.5000000e+01
   3.8078048e+02   9.0000000e+00
   3.8079940e+02   9.0000000e+00
   3.8081832e+02   1.5000000e+01
   3.8083724e+02   7.0000000e+00
   3.8085616e+02   1.0000000e+01
   3.8087508e+02   5.0000000e+00
   3.8089400e+02   8.0000000e+00
   3.8091292e+02   3.0000000e+00
   3.8093184e+02   3.0000000e+00
   3.8095076e+02   4.0000000e+00
   3.8096968e+02   5.0000000e+00
   3.8098860e+02   1.0000000e+00
   3.8100752e+02   1.0000000e+00
   3.8102644e+02   1.0000000e+00
   3.8104536e+02   3.0000000e+00
   3.8106428e+02   0.0000000e+00
   3.8108320e+02   2.0000000e+00
   3.8110212e+02   0.0000000e+00
   3.8112104e+02   6.0000000e+00
   3.8113996e+02   1.0000000e+00
   3.8115888e+02   1.0000000e+00
   3.8117780e+02   1.0000000e+00
   3.8119672e+02   1.0000000e+00
   3.8121564e+02   4.0000000e+00
   3.8123456e+02   2.0000000e+00
   3.8125348e+02   2.0000000e+00
   3.8127240e+02   3.0000000e+00
   3.8129132e+02   1.0000000e+00
   3.8131024e+02   0.0000000e+00
   3.8132916e+02   1.0000000e+00
   3.8134808e+02   1.0000000e+00
   3.8136700e+02   3.0000000e+00
   3.8138592e+02   3.0000000e+00
   3.8140484e+02   0.0000000e+00
   3.8142376e+02   3.0000000e+00
   3.8144268e+02   2.0000000e+00
   3.8146160e+02   0.0000000e+00
   3.8148052e+02   0.0000000e+00
   3.8149944e+02   1.2000000e+01
   3.8151836e+02   0.0000000e+00
   3.8153728e+02   2.0000000e+00
   3.8155620e+02   5.0000000e+00
   3.8157512e+02   0.0000000e+00
   3.8159404e+02   4.0000000e+00
   3.8161296e+02   3.0000000e+00
   3.8163188e+02   0.0000000e+00
   3.8165080e+02   1.0000000e+00
   3.8166972e+02   0.0000000e+00
   3.8168864e+02   2.0000000e+00
   3.8170756e+02   1.0000000e+00
   3.8172648e+02   7.0000000e+00
   3.8174540e+02   3.0000000e+00
   3.8176432e+02   2.0000000e+00
   3.8178324e+02   3.0000000e+00
   3.8180216e+02   1.0000000e+00
   3.8182108e+02   1.0000000e+00
   3.8184000e+02   0.0000000e+00
   3.8185892e+02   2.0000000e+00
   3.8187784e+02   0.0000000e+00
   3.8189676e+02   0.0000000e+00
   3.8191568e+02   1.0000000e+00
   3.8193460e+02   7.0000000e+00
   3.8195352e+02   2.0000000e+00
   3.8197244e+02   0.0000000e+00
   3.8199136e+02   0.0000000e+00
   3.8201028e+02   1.0000000e+00
   3.8202920e+02   0.0000000e+00
   3.8204812e+02   0.0000000e+00
   3.8206704e+02   0.0000000e+00
   3.8208596e+02   0.0000000e+00
   3.8210488e+02   5.0000000e+00
   3.8212380e+02   0.0000000e+00
   3.8214272e+02   1.0000000e+00
   3.8216164e+02   1.0000000e+00
   3.8218056e+02   2.0000000e+00
   3.8219948e+02   4.0000000e+00
   3.8221840e+02   2.0000000e+00
   3.8223732e+02   2.0000000e+00
   3.8225624e+02   1.0000000e+00
   3.8227516e+02   1.0000000e+00
   3.8229408e+02   1.0000000e+00
   3.8231300e+02   1.0000000e+00
   3.8233192e+02   4.0000000e+00
   3.8235084e+02   7.0000000e+00
   3.8236976e+02   0.0000000e+00
   3.8238868e+02   1.0000000e+00
   3.8240760e+02   0.0000000e+00
   3.8242652e+02   1.0000000e+01
   3.8244544e+02   1.0000000e+00
   3.8246436e+02   1.0000000e+00
   3.8248328e+02   1.0000000e+00
   3.8250220e+02   3.0000000e+00
   3.8252112e+02   3.0000000e+00
   3.8254004e+02   0.0000000e+00
   3.8255896e+02   0.0000000e+00
   3.8257788e+02   1.0000000e+00
   3.8259680e+02   2.0000000e+00
   3.8261572e+02   0.0000000e+00
   3.8263464e+02   0.0000000e+00
   3.8265356e+02   1.0000000e+00
   3.8267248e+02   0.0000000e+00
   3.8269140e+02   5.0000000e+00
   3.8271032e+02   0.0000000e+00
   3.8272924e+02   0.0000000e+00
   3.8274816e+02   1.0000000e+00
   3.8276708e+02   0.0000000e+00
   3.8278600e+02   3.0000000e+00
   3.8280492e+02   1.0000000e+00
   3.8282384e+02   6.0000000e+00
   3.8284276e+02   1.0000000e+00
   3.8286168e+02   2.0000000e+00
   3.8288060e+02   2.0000000e+00
   3.8289952e+02   1.0000000e+00
   3.8291844e+02   0.0000000e+00
   3.8293736e+02   1.0000000e+00
   3.8295628e+02   1.0000000e+00
   3.8297520e+02   3.0000000e+00
   3.8299412e+02   1.0000000e+00
   3.8301304e+02   1.0000000e+00
   3.8303196e+02   0.0000000e+00
   3.8305088e+02   0.0000000e+00
   3.8306980e+02   3.0000000e+00
   3.8308872e+02   0.0000000e+00
   3.8310764e+02   0.0000000e+00
   3.8312656e+02   2.0000000e+00
   3.8314548e+02   1.0000000e+00
   3.8316440e+02   3.0000000e+00
   3.8318332e+02   4.0000000e+00
   3.8320224e+02   1.0000000e+00
   3.8322116e+02   0.0000000e+00
   3.8324008e+02   1.0000000e+00
   3.8325900e+02   0.0000000e+00
   3.8327792e+02   5.0000000e+00
   3.8329684e+02   3.0000000e+00
   3.8331576e+02   4.0000000e+00
   3.8333468e+02   3.0000000e+00
   3.8335360e+02   0.0000000e+00
   3.8337252e+02   4.0000000e+00
   3.8339144e+02   6.0000000e+00
   3.8341036e+02   3.0000000e+00
   3.8342928e+02   3.0000000e+00
   3.8344820e+02   2.0000000e+00
   3.8346712e+02   1.0000000e+00
   3.8348604e+02   6.0000000e+00
   3.8350496e+02   4.0000000e+00
   3.8352388e+02   1.0000000e+00
   3.8354280e+02   1.0000000e+00
   3.8356172e+02   5.0000000e+00
   3.8358064e+02   1.0000000e+00
   3.8359956e+02   3.0000000e+00
   3.8361848e+02   0.0000000e+00
   3.8363740e+02   4.0000000e+00
   3.8365632e+02   0.0000000e+00
   3.8367524e+02   4.0000000e+00
   3.8369416e+02   2.0000000e+00
   3.8371308e+02   2.0000000e+00
   3.8373200e+02   3.0000000e+00
   3.8375092e+02   0.0000000e+00
   3.8376984e+02   0.0000000e+00
   3.8378876e+02   0.0000000e+00
   3.8380768e+02   1.0000000e+00
   3.8382660e+02   0.0000000e+00
   3.8384552e+02   2.0000000e+00
   3.8386444e+02   0.0000000e+00
   3.8388336e+02   4.0000000e+00
   3.8390228e+02   2.1000000e+01
   3.8392120e+02   1.0000000e+00
   3.8394012e+02   3.0000000e+00
   3.8395904e+02   0.0000000e+00
   3.8397796e+02   5.0000000e+00
   3.8399688e+02   2.0000000e+00
   3.8401580e+02   3.0000000e+00
   3.8403472e+02   1.0000000e+00
   3.8405364e+02   0.0000000e+00
   3.8407256e+02   6.0000000e+00
   3.8409148e+02   7.0000000e+00
   3.8411040e+02   4.0000000e+00
   3.8412932e+02   4.0000000e+00
   3.8414824e+02   0.0000000e+00
   3.8416716e+02   2.0000000e+00
   3.8418608e+02   1.5000000e+01
   3.8420500e+02   0.0000000e+00
   3.8422392e+02   0.0000000e+00
   3.8424284e+02   9.0000000e+00
   3.8426176e+02   1.0000000e+00
   3.8428068e+02   5.0000000e+00
   3.8429960e+02   0.0000000e+00
   3.8431852e+02   3.0000000e+00
   3.8433744e+02   1.0000000e+00
   3.8435636e+02   2.0000000e+00
   3.8437528e+02   3.0000000e+00
   3.8439420e+02   0.0000000e+00
   3.8441312e+02   3.0000000e+00
   3.8443204e+02   1.0000000e+00
   3.8445096e+02   2.0000000e+00
   3.8446988e+02   2.0000000e+00
   3.8448880e+02   1.0000000e+00
   3.8450772e+02   2.0000000e+00
   3.8452664e+02   1.0000000e+00
   3.8454556e+02   2.0000000e+00
   3.8456448e+02   2.0000000e+00
   3.8458340e+02   1.0000000e+00
   3.8460232e+02   1.0000000e+01
   3.8462124e+02   1.0000000e+00
   3.8464016e+02   2.0000000e+00
   3.8465908e+02   1.0000000e+00
   3.8467800e+02   4.0000000e+00
   3.8469692e+02   2.0000000e+00
   3.8471584e+02   1.0000000e+00
   3.8473476e+02   0.0000000e+00
   3.8475368e+02   0.0000000e+00
   3.8477260e+02   2.0000000e+00
   3.8479152e+02   4.0000000e+00
   3.8481044e+02   5.0000000e+00
   3.8482936e+02   5.0000000e+00
   3.8484828e+02   3.0000000e+00
   3.8486720e+02   4.0000000e+00
   3.8488612e+02   1.5000000e+01
   3.8490504e+02   4.0000000e+00
   3.8492396e+02   1.0000000e+01
   3.8494288e+02   2.0000000e+00
   3.8496180e+02   2.0000000e+00
   3.8498072e+02   1.0000000e+00
   3.8499964e+02   8.0000000e+00
   3.8501856e+02   7.0000000e+00
   3.8503748e+02   0.0000000e+00
   3.8505640e+02   3.0000000e+00
   3.8507532e+02   9.0000000e+00
   3.8509424e+02   1.0000000e+00
   3.8511316e+02   3.0000000e+00
   3.8513208e+02   1.0000000e+00
   3.8515100e+02   4.0000000e+00
   3.8516992e+02   6.0000000e+00
   3.8518884e+02   1.0000000e+00
   3.8520776e+02   0.0000000e+00
   3.8522668e+02   3.0000000e+00
   3.8524560e+02   3.0000000e+00
   3.8526452e+02   8.0000000e+00
   3.8528344e+02   4.0000000e+00
   3.8530236e+02   1.7000000e+01
   3.8532128e+02   2.0000000e+00
   3.8534020e+02   2.0000000e+00
   3.8535912e+02   6.0000000e+00
   3.8537804e+02   0.0000000e+00
   3.8539696e+02   2.0000000e+00
   3.8541588e+02   4.0000000e+00
   3.8543480e+02   9.0000000e+00
   3.8545372e+02   2.0000000e+00
   3.8547264e+02   1.0000000e+00
   3.8549156e+02   1.0000000e+00
   3.8551048e+02   1.0000000e+00
   3.8552940e+02   5.0000000e+00
   3.8554832e+02   1.0000000e+00
   3.8556724e+02   9.0000000e+00
   3.8558616e+02   9.0000000e+00
   3.8560508e+02   1.0000000e+00
   3.8562400e+02   4.0000000e+00
   3.8564292e+02   1.0000000e+00
   3.8566184e+02   2.0000000e+00
   3.8568076e+02   3.0000000e+00
   3.8569968e+02   5.0000000e+00
   3.8571860e+02   5.0000000e+00
   3.8573752e+02   1.0000000e+00
   3.8575644e+02   4.0000000e+00
   3.8577536e+02   0.0000000e+00
   3.8579428e+02   0.0000000e+00
   3.8581320e+02   4.0000000e+00
   3.8583212e+02   0.0000000e+00
   3.8585104e+02   7.0000000e+00
   3.8586996e+02   4.0000000e+00
   3.8588888e+02   7.0000000e+00
   3.8590780e+02   3.0000000e+00
   3.8592672e+02   6.0000000e+00
   3.8594564e+02   0.0000000e+00
   3.8596456e+02   4.0000000e+00
   3.8598348e+02   2.0000000e+00
   3.8600240e+02   1.0000000e+01
   3.8602132e+02   1.0000000e+01
   3.8604024e+02   3.0000000e+00
   3.8605916e+02   1.0000000e+00
   3.8607808e+02   3.0000000e+00
   3.8609700e+02   1.0000000e+00
   3.8611592e+02   4.0000000e+00
   3.8613484e+02   0.0000000e+00
   3.8615376e+02   1.0000000e+00
   3.8617268e+02   0.0000000e+00
   3.8619160e+02   2.0000000e+00
   3.8621052e+02   0.0000000e+00
   3.8622944e+02   2.0000000e+00
   3.8624836e+02   4.0000000e+00
   3.8626728e+02   1.1000000e+01
   3.8628620e+02   8.0000000e+00
   3.8630512e+02   3.0000000e+00
   3.8632404e+02   3.0000000e+00
   3.8634296e+02   8.0000000e+00
   3.8636188e+02   3.0000000e+00
   3.8638080e+02   5.0000000e+00
   3.8639972e+02   1.0000000e+01
   3.8641864e+02   1.0000000e+00
   3.8643756e+02   3.0000000e+00
   3.8645648e+02   2.0000000e+00
   3.8647540e+02   1.0000000e+00
   3.8649432e+02   1.0000000e+00
   3.8651324e+02   0.0000000e+00
   3.8653216e+02   1.0000000e+00
   3.8655108e+02   4.0000000e+00
   3.8657000e+02   1.3000000e+01
   3.8658892e+02   0.0000000e+00
   3.8660784e+02   7.0000000e+00
   3.8662676e+02   1.0000000e+01
   3.8664568e+02   0.0000000e+00
   3.8666460e+02   5.0000000e+00
   3.8668352e+02   3.0000000e+00
   3.8670244e+02   0.0000000e+00
   3.8672136e+02   1.0000000e+00
   3.8674028e+02   3.0000000e+00
   3.8675920e+02   4.0000000e+00
   3.8677812e+02   5.0000000e+00
   3.8679704e+02   3.0000000e+00
   3.8681596e+02   1.0000000e+00
   3.8683488e+02   4.0000000e+00
   3.8685380e+02   4.0000000e+00
   3.8687272e+02   1.0000000e+00
   3.8689164e+02   1.0000000e+00
   3.8691056e+02   1.0000000e+00
   3.8692948e+02   1.9000000e+01
   3.8694840e+02   9.0000000e+00
   3.8696732e+02   1.0000000e+00
   3.8698624e+02   5.0000000e+00
   3.8700516e+02   7.0000000e+00
   3.8702408e+02   4.0000000e+00
   3.8704300e+02   3.0000000e+00
   3.8706192e+02   4.0000000e+00
   3.8708084e+02   3.0000000e+00
   3.8709976e+02   2.0000000e+00
   3.8711868e+02   3.0000000e+00
   3.8713760e+02   1.0000000e+00
   3.8715652e+02   5.0000000e+00
   3.8717544e+02   2.0000000e+00
   3.8719436e+02   2.0000000e+00
   3.8721328e+02   2.0000000e+00
   3.8723220e+02   5.0000000e+00
   3.8725112e+02   2.0000000e+00
   3.8727004e+02   1.0000000e+00
   3.8728896e+02   0.0000000e+00
   3.8730788e+02   3.0000000e+00
   3.8732680e+02   1.0000000e+00
   3.8734572e+02   2.0000000e+00
   3.8736464e+02   3.0000000e+00
   3.8738356e+02   1.0000000e+00
   3.8740248e+02   5.0000000e+00
   3.8742140e+02   5.0000000e+00
   3.8744032e+02   0.0000000e+00
   3.8745924e+02   5.0000000e+00
   3.8747816e+02   1.4000000e+01
   3.8749708e+02   4.0000000e+00
   3.8751600e+02   3.0000000e+00
   3.8753492e+02   0.0000000e+00
   3.8755384e+02   4.0000000e+00
   3.8757276e+02   7.0000000e+00
   3.8759168e+02   5.0000000e+00
   3.8761060e+02   5.0000000e+00
   3.8762952e+02   3.0000000e+00
   3.8764844e+02   1.1000000e+01
   3.8766736e+02   6.0000000e+00
   3.8768628e+02   2.0000000e+00
   3.8770520e+02   8.0000000e+00
   3.8772412e+02   0.0000000e+00
   3.8774304e+02   2.0000000e+00
   3.8776196e+02   1.0000000e+00
   3.8778088e+02   4.0000000e+00
   3.8779980e+02   2.0000000e+00
   3.8781872e+02   9.0000000e+00
   3.8783764e+02   1.0000000e+00
   3.8785656e+02   3.0000000e+00
   3.8787548e+02   4.0000000e+00
   3.8789440e+02   4.0000000e+00
   3.8791332e+02   2.0000000e+00
   3.8793224e+02   1.5000000e+01
   3.8795116e+02   4.0000000e+00
   3.8797008e+02   4.0000000e+00
   3.8798900e+02   4.0000000e+00
   3.8800792e+02   0.0000000e+00
   3.8802684e+02   1.3000000e+01
   3.8804576e+02   6.0000000e+00
   3.8806468e+02   2.0000000e+00
   3.8808360e+02   3.0000000e+00
   3.8810252e+02   4.0000000e+00
   3.8812144e+02   2.0000000e+00
   3.8814036e+02   2.2000000e+01
   3.8815928e+02   3.0000000e+00
   3.8817820e+02   7.0000000e+00
   3.8819712e+02   6.0000000e+00
   3.8821604e+02   7.0000000e+00
   3.8823496e+02   9.0000000e+00
   3.8825388e+02   5.0000000e+00
   3.8827280e+02   4.0000000e+00
   3.8829172e+02   7.0000000e+00
   3.8831064e+02   4.0000000e+00
   3.8832956e+02   5.0000000e+00
   3.8834848e+02   6.0000000e+00
   3.8836740e+02   0.0000000e+00
   3.8838632e+02   5.0000000e+00
   3.8840524e+02   1.1000000e+01
   3.8842416e+02   1.1000000e+01
   3.8844308e+02   6.0000000e+00
   3.8846200e+02   4.0000000e+00
   3.8848092e+02   7.0000000e+00
   3.8849984e+02   1.0000000e+00
   3.8851876e+02   3.0000000e+00
   3.8853768e+02   1.3000000e+01
   3.8855660e+02   5.0000000e+00
   3.8857552e+02   6.0000000e+00
   3.8859444e+02   4.0000000e+00
   3.8861336e+02   1.2000000e+01
   3.8863228e+02   7.0000000e+00
   3.8865120e+02   4.0000000e+00
   3.8867012e+02   5.0000000e+00
   3.8868904e+02   2.0000000e+00
   3.8870796e+02   1.0000000e+00
   3.8872688e+02   6.0000000e+00
   3.8874580e+02   3.0000000e+00
   3.8876472e+02   0.0000000e+00
   3.8878364e+02   7.0000000e+00
   3.8880256e+02   7.0000000e+00
   3.8882148e+02   2.0000000e+00
   3.8884040e+02   0.0000000e+00
   3.8885932e+02   1.0000000e+00
   3.8887824e+02   1.0000000e+01
   3.8889716e+02   5.0000000e+00
   3.8891608e+02   5.0000000e+00
   3.8893500e+02   1.0000000e+00
   3.8895392e+02   6.0000000e+00
   3.8897284e+02   8.0000000e+00
   3.8899176e+02   5.0000000e+00
   3.8901068e+02   4.0000000e+00
   3.8902960e+02   6.0000000e+00
   3.8904852e+02   7.0000000e+00
   3.8906744e+02   9.0000000e+00
   3.8908636e+02   3.0000000e+00
   3.8910528e+02   6.0000000e+00
   3.8912420e+02   2.0000000e+00
   3.8914312e+02   9.0000000e+00
   3.8916204e+02   0.0000000e+00
   3.8918096e+02   4.0000000e+00
   3.8919988e+02   6.0000000e+00
   3.8921880e+02   6.0000000e+00
   3.8923772e+02   5.0000000e+00
   3.8925664e+02   5.0000000e+00
   3.8927556e+02   9.0000000e+00
   3.8929448e+02   1.0000000e+01
   3.8931340e+02   2.0000000e+01
   3.8933232e+02   4.0000000e+00
   3.8935124e+02   3.0000000e+00
   3.8937016e+02   9.0000000e+00
   3.8938908e+02   7.0000000e+00
   3.8940800e+02   3.0000000e+00
   3.8942692e+02   8.0000000e+00
   3.8944584e+02   5.0000000e+00
   3.8946476e+02   3.0000000e+00
   3.8948368e+02   1.0000000e+00
   3.8950260e+02   0.0000000e+00
   3.8952152e+02   3.0000000e+00
   3.8954044e+02   1.0000000e+00
   3.8955936e+02   0.0000000e+00
   3.8957828e+02   2.0000000e+00
   3.8959720e+02   0.0000000e+00
   3.8961612e+02   0.0000000e+00
   3.8963504e+02   0.0000000e+00
   3.8965396e+02   1.0000000e+00
   3.8967288e+02   1.0000000e+00
   3.8969180e+02   4.0000000e+00
   3.8971072e+02   1.0000000e+00
   3.8972964e+02   0.0000000e+00
   3.8974856e+02   7.0000000e+00
   3.8976748e+02   1.0000000e+00
   3.8978640e+02   1.0000000e+00
   3.8980532e+02   2.0000000e+00
   3.8982424e+02   1.0000000e+00
   3.8984316e+02   1.0000000e+00
   3.8986208e+02   0.0000000e+00
   3.8988100e+02   0.0000000e+00
   3.8989992e+02   2.0000000e+00
